#[Interval percentile log between 60.000 and 529.993 seconds (relative to StartTime)]
#[StartTime: 1701273332.262 (seconds since epoch), Wed Nov 29 15:55:32 GMT 2023]
"Timestamp","StartTime","Int_Count","Int_25%","Int_50%","Int_75%","Int_90%","Int_99%","Int_99.9%","Int_99.99%","Int_99.999%","Int_Min","Int_Max","Int_Mean","Int_Std_Deviation","Int_Throughput","Total_Count","Total_25%","Total_50%","Total_75%","Total_90%","Total_99%","Total_99.9%","Total_99.99%","Total_99.999%","Total_Min%","Total_Max","Total_Mean","Total_Std_Deviation","Total_Throughput",
70.048,1701273402.310,1059,1394.687,1471.487,21463.039,21528.575,21643.263,21692.415,21692.415,21692.415,1278.976,21692.415,9448.692,9836.836,0.000,1059,1394.687,1471.487,21463.039,21528.575,21643.263,21692.415,21692.415,21692.415,1278.976,21692.415,9448.692,9836.836,0.000
80.055,1701273412.317,1058,1424.383,1497.087,21479.423,21544.959,21610.495,21676.031,21741.567,21741.567,1289.216,21741.567,9454.767,9825.361,0.000,2117,1409.023,1485.823,21479.423,21528.575,21626.879,21692.415,21741.567,21741.567,1278.976,21741.567,9451.728,9831.103,0.000
90.062,1701273422.324,1057,1410.047,1484.799,21463.039,21512.191,21594.111,21643.263,21643.263,21643.263,1256.448,21643.263,9455.478,9819.264,0.000,3174,1409.023,1485.823,21479.423,21528.575,21626.879,21676.031,21741.567,21741.567,1256.448,21741.567,9452.977,9827.162,0.000
100.068,1701273432.330,1059,1406.975,1489.919,21479.423,21528.575,21626.879,21725.183,26968.063,26968.063,1283.072,26968.063,9461.866,9836.175,0.000,4233,1409.023,1486.847,21479.423,21528.575,21626.879,21692.415,26968.063,26968.063,1256.448,26968.063,9455.201,9829.418,0.000
110.075,1701273442.337,1056,1405.951,1497.087,21463.039,21528.575,21626.879,21790.719,22069.247,22069.247,1266.688,22069.247,9458.950,9830.929,0.000,5289,1407.999,1488.895,21479.423,21528.575,21626.879,21725.183,26968.063,26968.063,1256.448,26968.063,9455.949,9829.720,0.000
120.081,1701273452.343,1059,1417.215,1491.967,21463.039,21528.575,21610.495,21643.263,21823.487,21823.487,1269.760,21823.487,9459.501,9825.527,0.000,6348,1409.023,1488.895,21479.423,21528.575,21626.879,21725.183,26968.063,26968.063,1256.448,26968.063,9456.542,9829.021,0.000
130.088,1701273462.350,1060,1382.399,1474.559,21430.271,21495.807,21626.879,21708.799,21708.799,21708.799,1210.368,21708.799,9443.726,9828.948,0.000,7408,1404.927,1487.871,21463.039,21528.575,21626.879,21708.799,26968.063,26968.063,1210.368,26968.063,9454.708,9829.012,0.000
140.094,1701273472.356,1063,1366.015,1434.623,21430.271,21479.423,21577.727,21757.951,21823.487,21823.487,1240.064,21823.487,9399.888,9826.072,0.000,8471,1398.783,1482.751,21463.039,21528.575,21626.879,21725.183,26968.063,26968.063,1210.368,26968.063,9447.829,9828.659,0.000
150.001,1701273482.263,1054,1358.847,1434.623,21430.271,21479.423,21594.111,21659.647,21725.183,21725.183,1215.488,21725.183,9406.469,9830.646,0.000,9525,1393.663,1479.679,21463.039,21512.191,21610.495,21725.183,26968.063,26968.063,1210.368,26968.063,9443.252,9828.888,0.000
160.007,1701273492.269,1062,1367.039,1438.719,21430.271,21495.807,21577.727,21626.879,21856.255,21856.255,1221.632,21856.255,9412.179,9833.799,0.000,10587,1389.567,1476.607,21446.655,21512.191,21610.495,21725.183,22069.247,26968.063,1210.368,26968.063,9440.135,9829.385,0.000
170.014,1701273502.276,1063,1367.039,1441.791,21446.655,21495.807,21610.495,21725.183,21954.559,21954.559,1222.656,21954.559,9427.588,9836.819,0.000,11650,1387.519,1474.559,21446.655,21512.191,21610.495,21725.183,22069.247,26968.063,1210.368,26968.063,9438.990,9830.064,0.000
180.021,1701273512.283,1062,1374.207,1445.887,21446.655,21495.807,21577.727,21856.255,30081.023,30081.023,1226.752,30081.023,9408.249,9842.389,0.000,12712,1386.495,1472.511,21446.655,21512.191,21610.495,21725.183,26968.063,30081.023,1210.368,30081.023,9436.422,9831.098,0.000
190.028,1701273522.290,1062,1377.279,1452.031,21446.655,21495.807,21610.495,21676.031,21757.951,21757.951,1249.280,21757.951,9421.624,9830.192,0.000,13774,1385.471,1471.487,21446.655,21512.191,21610.495,21725.183,26968.063,30081.023,1210.368,30081.023,9435.281,9831.029,0.000
200.034,1701273532.296,1064,1351.679,1418.239,21413.887,21479.423,21577.727,21626.879,21626.879,21626.879,1206.272,21626.879,9399.551,9834.938,0.000,14838,1382.399,1469.439,21446.655,21512.191,21610.495,21725.183,26968.063,30081.023,1206.272,30081.023,9432.719,9831.314,0.000
210.041,1701273542.303,1064,1366.015,1440.767,21430.271,21479.423,21561.343,21626.879,21676.031,21676.031,1213.440,21676.031,9412.110,9825.442,0.000,15902,1381.375,1467.391,21446.655,21512.191,21610.495,21725.183,26968.063,30081.023,1206.272,30081.023,9431.340,9830.922,0.000
220.048,1701273552.310,1063,1372.159,1434.623,21430.271,21495.807,21577.727,21643.263,21676.031,21676.031,1240.064,21676.031,9422.533,9832.381,0.000,16965,1380.351,1465.343,21446.655,21512.191,21610.495,21708.799,26968.063,30081.023,1206.272,30081.023,9430.788,9831.014,0.000
230.054,1701273562.316,1062,1375.231,1438.719,21430.271,21479.423,21577.727,21594.111,21757.951,21757.951,1258.496,21757.951,9410.664,9825.633,0.000,18027,1379.327,1464.319,21446.655,21512.191,21610.495,21708.799,26968.063,30081.023,1206.272,30081.023,9429.603,9830.698,0.000
240.061,1701273572.323,1062,1377.279,1449.983,21430.271,21495.807,21577.727,21626.879,21676.031,21676.031,1236.992,21676.031,9417.429,9825.596,0.000,19089,1379.327,1462.271,21446.655,21512.191,21610.495,21708.799,26968.063,30081.023,1206.272,30081.023,9428.925,9830.415,0.000
250.068,1701273582.330,1064,1373.183,1441.791,21430.271,21479.423,21561.343,21594.111,21692.415,21692.415,1247.232,21692.415,9416.116,9825.262,0.000,20153,1379.327,1462.271,21446.655,21495.807,21610.495,21708.799,22069.247,30081.023,1206.272,30081.023,9428.249,9830.143,0.000
260.074,1701273592.336,1061,1368.063,1441.791,21430.271,21479.423,21561.343,21676.031,21692.415,21692.415,1231.872,21692.415,9416.019,9827.463,0.000,21214,1378.303,1461.247,21446.655,21495.807,21594.111,21692.415,22069.247,30081.023,1206.272,30081.023,9427.637,9830.010,0.000
270.081,1701273602.343,1062,1383.423,1454.079,21430.271,21495.807,21594.111,21643.263,21708.799,21708.799,1241.088,21708.799,9429.102,9822.915,0.000,22276,1379.327,1460.223,21446.655,21495.807,21594.111,21692.415,22069.247,30081.023,1206.272,30081.023,9427.707,9829.671,0.000
280.087,1701273612.349,1061,1392.639,1464.319,21463.039,21512.191,21610.495,21659.647,21708.799,21708.799,1253.376,21708.799,9442.207,9832.121,0.000,23337,1379.327,1460.223,21446.655,21495.807,21594.111,21692.415,22069.247,30081.023,1206.272,30081.023,9428.367,9829.783,0.000
290.094,1701273622.356,1059,1398.783,1473.535,21463.039,21528.575,21610.495,21823.487,21856.255,21856.255,1258.496,21856.255,9447.163,9831.914,0.000,24396,1380.351,1461.247,21446.655,21495.807,21594.111,21708.799,22069.247,30081.023,1206.272,30081.023,9429.182,9829.877,0.000
299.999,1701273632.261,1049,1390.591,1467.391,21463.039,21528.575,21610.495,21708.799,21807.103,21807.103,1250.304,21807.103,9438.261,9832.484,0.000,25445,1380.351,1461.247,21446.655,21495.807,21594.111,21708.799,22069.247,30081.023,1206.272,30081.023,9429.557,9829.984,0.000
310.006,1701273642.268,1059,1392.639,1466.367,21463.039,21512.191,21594.111,21659.647,21676.031,21676.031,1262.592,21676.031,9439.225,9832.697,0.000,26504,1381.375,1461.247,21446.655,21512.191,21594.111,21708.799,22069.247,30081.023,1206.272,30081.023,9429.943,9830.093,0.000
320.012,1701273652.274,1062,1393.663,1456.127,21463.039,21512.191,21610.495,21708.799,21725.183,21725.183,1263.616,21725.183,9434.535,9836.087,0.000,27566,1381.375,1461.247,21446.655,21512.191,21610.495,21708.799,22069.247,30081.023,1206.272,30081.023,9430.120,9830.324,0.000
330.019,1701273662.281,1059,1385.471,1453.055,21463.039,21528.575,21610.495,21659.647,21676.031,21676.031,1227.776,21676.031,9441.324,9838.226,0.000,28625,1381.375,1461.247,21446.655,21512.191,21610.495,21708.799,22069.247,30081.023,1206.272,30081.023,9430.534,9830.617,0.000
340.025,1701273672.287,1061,1378.303,1442.815,21463.039,21512.191,21643.263,21921.791,27115.519,27115.519,1247.232,27115.519,9437.945,9849.741,0.000,29686,1381.375,1460.223,21446.655,21512.191,21610.495,21708.799,26968.063,30081.023,1206.272,30081.023,9430.799,9831.301,0.000
350.032,1701273682.294,1062,1375.231,1452.031,21446.655,21495.807,21577.727,21626.879,21741.567,21741.567,1228.800,21741.567,9421.695,9834.471,0.000,30748,1381.375,1460.223,21446.655,21512.191,21610.495,21708.799,22069.247,30081.023,1206.272,30081.023,9430.485,9831.410,0.000
360.038,1701273692.300,1059,1386.495,1455.103,21463.039,21528.575,21610.495,21692.415,21741.567,21741.567,1250.304,21741.567,9434.916,9840.136,0.000,31807,1381.375,1460.223,21446.655,21512.191,21610.495,21708.799,22069.247,30081.023,1206.272,30081.023,9430.632,9831.701,0.000
370.045,1701273702.307,1061,1372.159,1452.031,21446.655,21512.191,21610.495,21659.647,21676.031,21676.031,1215.488,21676.031,9431.696,9838.303,0.000,32868,1381.375,1460.223,21446.655,21512.191,21610.495,21708.799,22069.247,30081.023,1206.272,30081.023,9430.667,9831.914,0.000
380.052,1701273712.314,1062,1388.543,1461.247,21446.655,21495.807,21594.111,21643.263,21676.031,21676.031,1243.136,21676.031,9426.321,9832.181,0.000,33930,1381.375,1460.223,21446.655,21512.191,21610.495,21708.799,22069.247,30081.023,1206.272,30081.023,9430.531,9831.923,0.000
390.058,1701273722.320,1061,1385.471,1454.079,21463.039,21528.575,21626.879,21692.415,21774.335,21774.335,1238.016,21774.335,9437.991,9839.093,0.000,34991,1381.375,1460.223,21446.655,21512.191,21610.495,21708.799,22069.247,30081.023,1206.272,30081.023,9430.757,9832.140,0.000
400.065,1701273732.327,1062,1376.255,1440.767,21446.655,21512.191,21594.111,21725.183,21790.719,21790.719,1240.064,21790.719,9418.177,9836.747,0.000,36053,1381.375,1459.199,21446.655,21512.191,21610.495,21708.799,22069.247,30081.023,1206.272,30081.023,9430.386,9832.276,0.000
410.071,1701273742.333,1061,1374.207,1444.863,21446.655,21495.807,21610.495,21659.647,21676.031,21676.031,1230.848,21676.031,9425.710,9837.275,0.000,37114,1381.375,1459.199,21446.655,21512.191,21610.495,21708.799,22069.247,30081.023,1206.272,30081.023,9430.253,9832.419,0.000
420.079,1701273752.341,1062,1377.279,1441.791,21446.655,21512.191,21594.111,21659.647,21708.799,21708.799,1228.800,21708.799,9419.435,9836.043,0.000,38176,1381.375,1458.175,21446.655,21512.191,21610.495,21708.799,22069.247,30081.023,1206.272,30081.023,9429.952,9832.520,0.000
430.086,1701273762.348,1061,1377.279,1447.935,21446.655,21495.807,21594.111,21643.263,21692.415,21692.415,1222.656,21692.415,9428.631,9835.051,0.000,39237,1381.375,1458.175,21446.655,21512.191,21610.495,21692.415,22069.247,30081.023,1206.272,30081.023,9429.916,9832.589,0.000
440.093,1701273772.355,1062,1379.327,1460.223,21446.655,21495.807,21610.495,21692.415,21708.799,21708.799,1218.560,21708.799,9423.388,9828.301,0.000,40299,1381.375,1458.175,21446.655,21512.191,21610.495,21692.415,21954.559,30081.023,1206.272,30081.023,9429.744,9832.476,0.000
450.000,1701273782.262,1051,1370.111,1447.935,21430.271,21495.807,21594.111,21708.799,21757.951,21757.951,1229.824,21757.951,9421.098,9830.866,0.000,41350,1380.351,1458.175,21446.655,21512.191,21610.495,21708.799,21954.559,30081.023,1206.272,30081.023,9429.524,9832.435,0.000
460.006,1701273792.268,1062,1382.399,1460.223,21446.655,21495.807,21577.727,21676.031,21708.799,21708.799,1207.296,21708.799,9423.738,9828.346,0.000,42412,1380.351,1458.175,21446.655,21512.191,21610.495,21708.799,21954.559,30081.023,1206.272,30081.023,9429.379,9832.333,0.000
470.012,1701273802.274,1061,1376.255,1451.007,21446.655,21495.807,21594.111,21659.647,21659.647,21659.647,1242.112,21659.647,9430.326,9837.470,0.000,43473,1380.351,1458.175,21446.655,21512.191,21610.495,21692.415,21954.559,30081.023,1206.272,30081.023,9429.402,9832.458,0.000
480.020,1701273812.282,1064,1355.775,1423.359,21430.271,21479.423,21577.727,21643.263,21676.031,21676.031,1224.704,21676.031,9405.153,9835.346,0.000,44537,1379.327,1457.151,21446.655,21512.191,21594.111,21692.415,21954.559,30081.023,1206.272,30081.023,9428.823,9832.528,0.000
490.027,1701273822.289,1064,1348.607,1430.527,21430.271,21479.423,21577.727,21643.263,21659.647,21659.647,1230.848,21659.647,9407.786,9835.864,0.000,45601,1379.327,1457.151,21446.655,21512.191,21594.111,21692.415,21954.559,30081.023,1206.272,30081.023,9428.332,9832.606,0.000
500.034,1701273832.296,1064,1352.703,1432.575,21430.271,21495.807,21577.727,21643.263,21643.263,21643.263,1214.464,21643.263,9410.163,9837.214,0.000,46665,1378.303,1456.127,21446.655,21512.191,21594.111,21692.415,21954.559,30081.023,1206.272,30081.023,9427.918,9832.711,0.000
510.041,1701273842.303,1064,1352.703,1418.239,21430.271,21479.423,21561.343,21594.111,21659.647,21659.647,1193.984,21659.647,9398.533,9836.584,0.000,47729,1377.279,1455.103,21446.655,21512.191,21594.111,21692.415,21954.559,30081.023,1193.984,30081.023,9427.263,9832.799,0.000
520.048,1701273852.310,1064,1360.895,1428.479,21430.271,21479.423,21561.343,21659.647,23265.279,23265.279,1211.392,23265.279,9406.775,9831.833,0.000,48793,1377.279,1455.103,21446.655,21495.807,21594.111,21692.415,22069.247,30081.023,1193.984,30081.023,9426.816,9832.778,0.000
530.054,1701273862.316,1064,1363.967,1430.527,21430.271,21479.423,21577.727,21610.495,21643.263,21643.263,1226.752,21643.263,9410.394,9832.913,0.000,49857,1377.279,1454.079,21446.655,21495.807,21594.111,21692.415,22069.247,30081.023,1193.984,30081.023,9426.466,9832.781,0.000
