#[Interval percentile log between 60.000 and 520.082 seconds (relative to StartTime)]
#[StartTime: 1701271198.716 (seconds since epoch), Wed Nov 29 15:19:58 GMT 2023]
"Timestamp","StartTime","Int_Count","Int_25%","Int_50%","Int_75%","Int_90%","Int_99%","Int_99.9%","Int_99.99%","Int_99.999%","Int_Min","Int_Max","Int_Mean","Int_Std_Deviation","Int_Throughput","Total_Count","Total_25%","Total_50%","Total_75%","Total_90%","Total_99%","Total_99.9%","Total_99.99%","Total_99.999%","Total_Min%","Total_Max","Total_Mean","Total_Std_Deviation","Total_Throughput",
70.047,1701271268.763,1059,1357.823,1482.751,21463.039,21676.031,21790.719,21905.407,21921.791,21921.791,1179.648,21921.791,9453.570,9883.812,0.000,1059,1357.823,1482.751,21463.039,21676.031,21790.719,21905.407,21921.791,21921.791,1179.648,21921.791,9453.570,9883.812,0.000
80.053,1701271278.769,1059,1350.655,1467.391,21446.655,21676.031,21790.719,21921.791,21921.791,21921.791,1179.648,21921.791,9445.756,9881.768,0.000,2118,1355.775,1477.631,21463.039,21676.031,21790.719,21921.791,21921.791,21921.791,1179.648,21921.791,9449.663,9882.791,0.000
90.060,1701271288.776,1062,1344.511,1455.103,21430.271,21626.879,21741.567,21807.103,21856.255,21856.255,1137.664,21856.255,9422.757,9872.873,0.000,3180,1350.655,1468.415,21446.655,21659.647,21774.335,21905.407,21921.791,21921.791,1137.664,21921.791,9440.678,9879.488,0.000
100.067,1701271298.783,1061,1332.223,1437.695,21430.271,21626.879,21774.335,21856.255,21872.639,21872.639,1166.336,21872.639,9434.946,9875.152,0.000,4241,1345.535,1462.271,21446.655,21659.647,21774.335,21872.639,21921.791,21921.791,1137.664,21921.791,9439.244,9878.404,0.000
110.074,1701271308.790,1062,1326.079,1442.815,21430.271,21643.263,21757.951,21823.487,21921.791,21921.791,1159.168,21921.791,9416.032,9880.967,0.000,5303,1341.439,1457.151,21446.655,21643.263,21774.335,21872.639,21921.791,21921.791,1137.664,21921.791,9434.595,9878.921,0.000
120.080,1701271318.796,1065,1308.671,1419.263,21397.503,21594.111,21692.415,21708.799,21725.183,21725.183,1153.024,21725.183,9406.017,9880.396,0.000,6368,1335.295,1451.007,21430.271,21643.263,21774.335,21856.255,21921.791,21921.791,1137.664,21921.791,9429.816,9879.174,0.000
130.087,1701271328.803,1065,1309.695,1438.719,21413.887,21610.495,21757.951,21987.327,22069.247,22069.247,1135.616,22069.247,9379.815,9870.139,0.000,7433,1332.223,1448.959,21430.271,21643.263,21774.335,21889.023,22069.247,22069.247,1135.616,22069.247,9422.652,9877.895,0.000
140.093,1701271338.809,1069,1291.263,1397.759,21364.735,21577.727,21692.415,21790.719,22233.087,22233.087,1136.640,22233.087,9374.879,9873.710,0.000,8502,1326.079,1444.863,21430.271,21626.879,21757.951,21889.023,22233.087,22233.087,1135.616,22233.087,9416.645,9877.382,0.000
150.000,1701271348.716,1052,1312.767,1416.191,21413.887,21610.495,21757.951,21921.791,21954.559,21954.559,1137.664,21954.559,9397.263,9878.748,0.000,9554,1324.031,1441.791,21430.271,21626.879,21757.951,21905.407,22233.087,22233.087,1135.616,22233.087,9414.511,9877.534,0.000
160.006,1701271358.722,1069,1281.023,1402.879,21364.735,21594.111,21676.031,21790.719,21856.255,21856.255,1125.376,21856.255,9373.673,9876.747,0.000,10623,1318.911,1438.719,21430.271,21626.879,21757.951,21889.023,22069.247,22233.087,1125.376,22233.087,9410.401,9877.463,0.000
170.012,1701271368.728,1066,1282.047,1416.191,21381.119,21610.495,21741.567,21856.255,21954.559,21954.559,1126.400,21954.559,9390.969,9884.760,0.000,11689,1316.863,1437.695,21413.887,21626.879,21757.951,21889.023,22069.247,22233.087,1125.376,22233.087,9408.629,9878.130,0.000
180.020,1701271378.736,1067,1290.239,1402.879,21364.735,21577.727,21708.799,21839.871,21839.871,21839.871,1122.304,21839.871,9371.815,9872.861,0.000,12756,1312.767,1434.623,21413.887,21610.495,21757.951,21872.639,22069.247,22233.087,1122.304,22233.087,9405.550,9877.695,0.000
190.026,1701271388.742,1066,1292.287,1407.999,21381.119,21610.495,21725.183,21872.639,27541.503,27541.503,1132.544,27541.503,9392.743,9890.329,0.000,13822,1310.719,1432.575,21413.887,21610.495,21757.951,21872.639,22233.087,27541.503,1122.304,27541.503,9404.562,9878.670,0.000
200.033,1701271398.749,1067,1291.263,1396.735,21381.119,21577.727,21692.415,21757.951,21774.335,21774.335,1125.376,21774.335,9372.021,9876.017,0.000,14889,1308.671,1429.503,21413.887,21610.495,21757.951,21872.639,22233.087,27541.503,1122.304,27541.503,9402.230,9878.484,0.000
210.039,1701271408.755,1069,1298.431,1404.927,21381.119,21594.111,21725.183,21807.103,21839.871,21839.871,1133.568,21839.871,9365.262,9872.282,0.000,15958,1307.647,1427.455,21413.887,21610.495,21757.951,21872.639,22233.087,27541.503,1122.304,27541.503,9399.754,9878.073,0.000
220.046,1701271418.762,1064,1307.647,1406.975,21381.119,21594.111,21692.415,21725.183,21774.335,21774.335,1152.000,21774.335,9387.403,9876.380,0.000,17022,1307.647,1426.431,21413.887,21610.495,21741.567,21856.255,22233.087,27541.503,1122.304,27541.503,9398.982,9877.967,0.000
230.052,1701271428.768,1066,1288.191,1419.263,21381.119,21610.495,21757.951,21856.255,21856.255,21856.255,1129.472,21856.255,9390.863,9882.915,0.000,18088,1306.623,1426.431,21413.887,21610.495,21741.567,21856.255,22233.087,27541.503,1122.304,27541.503,9398.503,9878.259,0.000
240.058,1701271438.774,1067,1297.407,1407.999,21381.119,21594.111,21708.799,21807.103,22085.631,22085.631,1132.544,22085.631,9379.204,9877.340,0.000,19155,1305.599,1425.407,21413.887,21610.495,21741.567,21856.255,22233.087,27541.503,1122.304,27541.503,9397.428,9878.209,0.000
250.066,1701271448.782,1066,1300.479,1410.047,21381.119,21594.111,21692.415,21774.335,21807.103,21807.103,1118.208,21807.103,9388.984,9872.418,0.000,20221,1305.599,1424.383,21413.887,21610.495,21741.567,21856.255,22085.631,27541.503,1118.208,27541.503,9396.983,9877.904,0.000
260.072,1701271458.788,1067,1295.359,1403.903,21381.119,21577.727,21708.799,21889.023,29949.951,29949.951,1126.400,29949.951,9381.791,9887.333,0.000,21288,1304.575,1423.359,21397.503,21610.495,21741.567,21856.255,22233.087,29949.951,1118.208,29949.951,9396.222,9878.377,0.000
270.078,1701271468.794,1066,1306.623,1415.167,21381.119,21577.727,21708.799,21725.183,21774.335,21774.335,1128.448,21774.335,9384.561,9869.490,0.000,22354,1304.575,1423.359,21397.503,21610.495,21741.567,21856.255,22233.087,29949.951,1118.208,29949.951,9395.665,9877.954,0.000
280.085,1701271478.801,1065,1303.551,1423.359,21397.503,21594.111,21708.799,21790.719,22069.247,22069.247,1118.208,22069.247,9399.648,9877.164,0.000,23419,1304.575,1423.359,21397.503,21610.495,21741.567,21856.255,22233.087,29949.951,1118.208,29949.951,9395.847,9877.918,0.000
290.092,1701271488.808,1066,1302.527,1413.119,21364.735,21594.111,21708.799,21790.719,21839.871,21839.871,1134.592,21839.871,9369.693,9872.305,0.000,24485,1304.575,1423.359,21397.503,21610.495,21741.567,21856.255,22233.087,29949.951,1118.208,29949.951,9394.708,9877.675,0.000
300.098,1701271498.814,1066,1315.839,1426.431,21381.119,21610.495,21741.567,21807.103,21807.103,21807.103,1132.544,21807.103,9402.227,9875.819,0.000,25551,1305.599,1423.359,21397.503,21610.495,21741.567,21856.255,22233.087,29949.951,1118.208,29949.951,9395.022,9877.598,0.000
310.003,1701271508.719,1053,1303.551,1443.839,21381.119,21643.263,21741.567,21856.255,21872.639,21872.639,1133.568,21872.639,9408.328,9883.156,0.000,26604,1305.599,1423.359,21397.503,21610.495,21741.567,21856.255,22233.087,29949.951,1118.208,29949.951,9395.548,9877.818,0.000
320.011,1701271518.727,1065,1323.007,1428.479,21413.887,21610.495,21692.415,21807.103,21807.103,21807.103,1126.400,21807.103,9394.163,9875.122,0.000,27669,1305.599,1423.359,21397.503,21610.495,21741.567,21856.255,22233.087,29949.951,1118.208,29949.951,9395.495,9877.715,0.000
330.017,1701271528.733,1062,1306.623,1418.239,21413.887,21626.879,21725.183,21823.487,21921.791,21921.791,1146.880,21921.791,9402.297,9880.475,0.000,28731,1305.599,1423.359,21397.503,21610.495,21741.567,21856.255,22233.087,29949.951,1118.208,29949.951,9395.746,9877.817,0.000
340.024,1701271538.740,1066,1306.623,1416.191,21397.503,21626.879,21725.183,21790.719,21807.103,21807.103,1145.856,21807.103,9399.296,9884.090,0.000,29797,1305.599,1423.359,21397.503,21610.495,21741.567,21856.255,22233.087,29949.951,1118.208,29949.951,9395.873,9878.041,0.000
350.031,1701271548.747,1064,1310.719,1430.527,21381.119,21626.879,21757.951,21839.871,24690.687,24690.687,1145.856,24690.687,9404.473,9885.071,0.000,30861,1306.623,1423.359,21397.503,21610.495,21741.567,21856.255,22233.087,29949.951,1118.208,29949.951,9396.170,9878.284,0.000
360.037,1701271558.753,1067,1290.239,1410.047,21364.735,21610.495,21708.799,21774.335,21839.871,21839.871,1135.616,21839.871,9378.991,9880.042,0.000,31928,1305.599,1423.359,21397.503,21610.495,21741.567,21856.255,22233.087,29949.951,1118.208,29949.951,9395.596,9878.343,0.000
370.044,1701271568.760,1064,1299.455,1428.479,21381.119,21626.879,21741.567,21889.023,21889.023,21889.023,1140.736,21889.023,9393.414,9881.802,0.000,32992,1305.599,1423.359,21397.503,21610.495,21741.567,21856.255,22233.087,29949.951,1118.208,29949.951,9395.525,9878.455,0.000
380.051,1701271578.767,1066,1297.407,1416.191,21381.119,21626.879,21757.951,21889.023,22020.095,22020.095,1123.328,22020.095,9396.135,9883.740,0.000,34058,1304.575,1423.359,21397.503,21610.495,21741.567,21856.255,22233.087,29949.951,1118.208,29949.951,9395.544,9878.620,0.000
390.058,1701271588.774,1064,1294.335,1423.359,21397.503,21610.495,21725.183,21921.791,21938.175,21938.175,1113.088,21938.175,9394.004,9881.406,0.000,35122,1304.575,1423.359,21397.503,21610.495,21741.567,21856.255,22233.087,29949.951,1113.088,29949.951,9395.498,9878.705,0.000
400.064,1701271598.780,1064,1311.743,1427.455,21397.503,21610.495,21757.951,21954.559,21970.943,21970.943,1133.568,21970.943,9400.929,9879.726,0.000,36186,1304.575,1423.359,21397.503,21610.495,21741.567,21856.255,22233.087,29949.951,1113.088,29949.951,9395.657,9878.735,0.000
410.070,1701271608.786,1064,1312.767,1436.671,21397.503,21643.263,21807.103,21921.791,21970.943,21970.943,1143.808,21970.943,9413.076,9884.767,0.000,37250,1305.599,1423.359,21397.503,21610.495,21741.567,21856.255,22233.087,29949.951,1113.088,29949.951,9396.155,9878.907,0.000
420.077,1701271618.793,1064,1316.863,1444.863,21397.503,21659.647,21774.335,21938.175,21938.175,21938.175,1141.760,21938.175,9395.498,9878.775,0.000,38314,1305.599,1424.383,21397.503,21610.495,21741.567,21872.639,22233.087,29949.951,1113.088,29949.951,9396.137,9878.904,0.000
430.084,1701271628.800,1067,1290.239,1417.215,21397.503,21610.495,21741.567,21872.639,21970.943,21970.943,1131.520,21970.943,9387.345,9883.831,0.000,39381,1305.599,1424.383,21397.503,21610.495,21741.567,21872.639,22233.087,29949.951,1113.088,29949.951,9395.899,9879.037,0.000
440.090,1701271638.806,1066,1291.263,1401.855,21381.119,21610.495,21708.799,21807.103,21823.487,21823.487,1134.592,21823.487,9385.926,9885.181,0.000,40447,1304.575,1423.359,21397.503,21610.495,21741.567,21872.639,22085.631,29949.951,1113.088,29949.951,9395.636,9879.199,0.000
450.097,1701271648.813,1067,1288.191,1406.975,21364.735,21594.111,21708.799,21790.719,21839.871,21839.871,1125.376,21839.871,9375.131,9877.680,0.000,41514,1304.575,1423.359,21397.503,21610.495,21741.567,21872.639,22085.631,29949.951,1113.088,29949.951,9395.109,9879.161,0.000
460.002,1701271658.718,1056,1288.191,1403.903,21364.735,21594.111,21676.031,21757.951,21807.103,21807.103,1120.256,21807.103,9376.060,9875.733,0.000,42570,1303.551,1422.335,21397.503,21610.495,21741.567,21856.255,22085.631,29949.951,1113.088,29949.951,9394.636,9879.076,0.000
470.010,1701271668.726,1069,1284.095,1396.735,21364.735,21577.727,21692.415,21741.567,21774.335,21774.335,1114.112,21774.335,9367.959,9875.641,0.000,43639,1303.551,1422.335,21397.503,21610.495,21741.567,21856.255,22085.631,29949.951,1113.088,29949.951,9393.983,9878.993,0.000
480.016,1701271678.732,1068,1292.287,1393.663,21364.735,21577.727,21676.031,21725.183,21741.567,21741.567,1131.520,21741.567,9376.928,9871.919,0.000,44707,1302.527,1421.311,21397.503,21610.495,21725.183,21856.255,22085.631,29949.951,1113.088,29949.951,9393.575,9878.824,0.000
490.023,1701271688.739,1068,1291.263,1402.879,21364.735,21594.111,21676.031,21774.335,21807.103,21807.103,1127.424,21807.103,9361.737,9871.774,0.000,45775,1302.527,1421.311,21397.503,21610.495,21725.183,21856.255,22085.631,29949.951,1113.088,29949.951,9392.832,9878.661,0.000
500.030,1701271698.746,1066,1288.191,1395.711,21364.735,21577.727,21725.183,21790.719,21839.871,21839.871,1128.448,21839.871,9375.237,9877.625,0.000,46841,1301.503,1420.287,21397.503,21610.495,21725.183,21856.255,22085.631,29949.951,1113.088,29949.951,9392.432,9878.638,0.000
510.036,1701271708.752,1069,1279.999,1390.591,21364.735,21594.111,21692.415,21757.951,21872.639,21872.639,1127.424,21872.639,9369.425,9877.919,0.000,47910,1301.503,1420.287,21397.503,21610.495,21725.183,21856.255,22085.631,29949.951,1113.088,29949.951,9391.919,9878.623,0.000
520.043,1701271718.759,1069,1279.999,1395.711,21364.735,21577.727,21692.415,21757.951,21856.255,21856.255,1130.496,21856.255,9366.158,9874.133,0.000,48979,1301.503,1419.263,21397.503,21610.495,21725.183,21856.255,22085.631,29949.951,1113.088,29949.951,9391.356,9878.525,0.000
530.050,1701271728.766,1067,1287.167,1416.191,21364.735,21594.111,21725.183,21823.487,21823.487,21823.487,1122.304,21823.487,9374.348,9876.515,0.000,50046,1300.479,1419.263,21397.503,21610.495,21725.183,21856.255,22069.247,29949.951,1113.088,29949.951,9390.994,9878.483,0.000
