#[Interval percentile log between 60.000 and 520.064 seconds (relative to StartTime)]
#[StartTime: 1701269435.754 (seconds since epoch), Wed Nov 29 14:50:35 GMT 2023]
"Timestamp","StartTime","Int_Count","Int_25%","Int_50%","Int_75%","Int_90%","Int_99%","Int_99.9%","Int_99.99%","Int_99.999%","Int_Min","Int_Max","Int_Mean","Int_Std_Deviation","Int_Throughput","Total_Count","Total_25%","Total_50%","Total_75%","Total_90%","Total_99%","Total_99.9%","Total_99.99%","Total_99.999%","Total_Min%","Total_Max","Total_Mean","Total_Std_Deviation","Total_Throughput",
70.068,1701269505.822,1061,1278.975,1437.695,21544.959,21610.495,21708.799,21774.335,21823.487,21823.487,1181.696,21823.487,9433.780,9918.051,0.000,1061,1278.975,1437.695,21544.959,21610.495,21708.799,21774.335,21823.487,21823.487,1181.696,21823.487,9433.780,9918.051,0.000
80.074,1701269515.828,1062,1275.903,1441.791,21544.959,21610.495,21708.799,21774.335,21823.487,21823.487,1177.600,21823.487,9425.969,9913.989,0.000,2123,1277.951,1439.743,21544.959,21610.495,21708.799,21774.335,21823.487,21823.487,1177.600,21823.487,9429.873,9916.020,0.000
90.080,1701269525.834,1061,1262.591,1435.647,21544.959,21610.495,21741.567,21872.639,29310.975,29310.975,1160.192,29310.975,9436.614,9933.218,0.000,3184,1271.807,1438.719,21544.959,21610.495,21708.799,21823.487,29310.975,29310.975,1160.192,29310.975,9432.119,9921.755,0.000
100.087,1701269535.841,1062,1259.519,1442.815,21544.959,21626.879,21725.183,21807.103,21807.103,21807.103,1169.408,21807.103,9421.938,9920.074,0.000,4246,1269.759,1438.719,21544.959,21610.495,21708.799,21823.487,29310.975,29310.975,1160.192,29310.975,9429.573,9921.335,0.000
110.093,1701269545.847,1061,1268.735,1437.695,21544.959,21610.495,21708.799,21757.951,21889.023,21889.023,1173.504,21889.023,9429.144,9916.940,0.000,5307,1269.759,1438.719,21544.959,21610.495,21708.799,21823.487,29310.975,29310.975,1160.192,29310.975,9429.487,9920.457,0.000
120.100,1701269555.854,1062,1253.375,1427.455,21544.959,21610.495,21741.567,21774.335,21790.719,21790.719,1160.192,21790.719,9413.671,9922.851,0.000,6369,1266.687,1437.695,21544.959,21610.495,21725.183,21807.103,29310.975,29310.975,1160.192,29310.975,9426.850,9920.858,0.000
130.106,1701269565.860,1061,1263.615,1432.575,21544.959,21610.495,21725.183,21872.639,22003.711,22003.711,1160.192,22003.711,9425.939,9920.790,0.000,7430,1266.687,1436.671,21544.959,21610.495,21725.183,21823.487,29310.975,29310.975,1160.192,29310.975,9426.720,9920.848,0.000
140.113,1701269575.867,1065,1241.087,1401.855,21512.191,21577.727,21676.031,21741.567,21823.487,21823.487,1159.168,21823.487,9412.394,9912.908,0.000,8495,1264.639,1432.575,21544.959,21610.495,21708.799,21823.487,29310.975,29310.975,1159.168,29310.975,9424.924,9919.854,0.000
150.119,1701269585.873,1068,1224.703,1393.663,21495.807,21577.727,21676.031,21790.719,21823.487,21823.487,1110.016,21823.487,9368.152,9914.542,0.000,9563,1260.543,1429.503,21528.575,21610.495,21708.799,21823.487,29310.975,29310.975,1110.016,29310.975,9418.583,9919.277,0.000
160.024,1701269595.778,1057,1210.367,1376.255,21495.807,21561.343,21643.263,21807.103,21823.487,21823.487,1126.400,21823.487,9370.603,9913.815,0.000,10620,1256.447,1425.407,21528.575,21594.111,21708.799,21823.487,22003.711,29310.975,1110.016,29310.975,9413.808,9918.744,0.000
170.032,1701269605.786,1069,1201.151,1370.111,21479.423,21544.959,21643.263,21725.183,21741.567,21741.567,1123.328,21741.567,9359.101,9917.624,0.000,11689,1253.375,1422.335,21528.575,21594.111,21708.799,21823.487,22003.711,29310.975,1110.016,29310.975,9408.805,9918.654,0.000
180.039,1701269615.793,1066,1203.199,1382.399,21479.423,21561.343,21676.031,21692.415,21708.799,21708.799,1129.472,21708.799,9369.835,9919.514,0.000,12755,1250.303,1418.239,21528.575,21594.111,21708.799,21807.103,22003.711,29310.975,1110.016,29310.975,9405.548,9918.732,0.000
190.045,1701269625.799,1069,1197.055,1377.279,21479.423,21561.343,21659.647,21741.567,22495.231,22495.231,1111.040,22495.231,9361.821,9920.294,0.000,13824,1246.207,1415.167,21512.191,21594.111,21708.799,21807.103,22495.231,29310.975,1110.016,29310.975,9402.167,9918.860,0.000
200.051,1701269635.805,1069,1209.343,1386.495,21479.423,21544.959,21659.647,21725.183,21774.335,21774.335,1136.640,21774.335,9369.831,9913.969,0.000,14893,1244.159,1413.119,21512.191,21594.111,21692.415,21807.103,22495.231,29310.975,1110.016,29310.975,9399.846,9918.512,0.000
210.057,1701269645.811,1067,1208.319,1396.735,21479.423,21561.343,21692.415,21741.567,21757.951,21757.951,1126.400,21757.951,9369.504,9914.964,0.000,15960,1242.111,1412.095,21512.191,21594.111,21692.415,21807.103,22495.231,29310.975,1110.016,29310.975,9397.817,9918.278,0.000
220.063,1701269655.817,1069,1205.247,1390.591,21495.807,21561.343,21659.647,21774.335,21807.103,21807.103,1134.592,21807.103,9373.385,9921.108,0.000,17029,1240.063,1410.047,21512.191,21594.111,21692.415,21807.103,22495.231,29310.975,1110.016,29310.975,9396.283,9918.457,0.000
230.069,1701269665.823,1069,1199.103,1377.279,21479.423,21544.959,21643.263,21757.951,21839.871,21839.871,1118.208,21839.871,9359.336,9917.390,0.000,18098,1238.015,1407.999,21512.191,21577.727,21692.415,21807.103,22495.231,29310.975,1110.016,29310.975,9394.101,9918.398,0.000
240.076,1701269675.830,1064,1220.607,1393.663,21512.191,21577.727,21692.415,21757.951,21774.335,21774.335,1136.640,21774.335,9386.816,9921.413,0.000,19162,1236.991,1406.975,21512.191,21577.727,21692.415,21790.719,22495.231,29310.975,1110.016,29310.975,9393.696,9918.566,0.000
250.082,1701269685.836,1066,1238.015,1404.927,21512.191,21594.111,21692.415,21757.951,21790.719,21790.719,1143.808,21790.719,9384.943,9916.335,0.000,20228,1236.991,1406.975,21512.191,21577.727,21692.415,21790.719,22003.711,29310.975,1110.016,29310.975,9393.235,9918.448,0.000
260.088,1701269695.842,1064,1246.207,1407.999,21512.191,21577.727,21708.799,21774.335,29687.807,29687.807,1145.856,29687.807,9409.257,9927.058,0.000,21292,1238.015,1406.975,21512.191,21577.727,21692.415,21790.719,22495.231,29687.807,1110.016,29687.807,9394.036,9918.879,0.000
270.094,1701269705.848,1067,1232.895,1397.759,21512.191,21577.727,21708.799,21741.567,21741.567,21741.567,1133.568,21741.567,9387.160,9916.088,0.000,22359,1238.015,1406.975,21512.191,21577.727,21692.415,21790.719,22495.231,29687.807,1110.016,29687.807,9393.708,9918.746,0.000
280.101,1701269715.855,1064,1229.823,1406.975,21512.191,21577.727,21725.183,21823.487,21889.023,21889.023,1133.568,21889.023,9396.272,9912.532,0.000,23423,1236.991,1406.975,21512.191,21577.727,21692.415,21807.103,22495.231,29687.807,1110.016,29687.807,9393.824,9918.464,0.000
290.107,1701269725.861,1066,1224.703,1384.447,21495.807,21561.343,21659.647,21708.799,21807.103,21807.103,1094.656,21807.103,9382.923,9918.920,0.000,24489,1236.991,1405.951,21512.191,21577.727,21692.415,21807.103,22495.231,29687.807,1094.656,29687.807,9393.350,9918.484,0.000
300.113,1701269735.867,1067,1222.655,1403.903,21512.191,21577.727,21659.647,21741.567,21839.871,21839.871,1144.832,21839.871,9382.585,9919.602,0.000,25556,1235.967,1404.927,21512.191,21577.727,21692.415,21807.103,22495.231,29687.807,1094.656,29687.807,9392.900,9918.531,0.000
310.119,1701269745.873,1066,1215.487,1390.591,21495.807,21561.343,21659.647,21708.799,22200.319,22200.319,1143.808,22200.319,9382.595,9920.871,0.000,26622,1234.943,1404.927,21512.191,21577.727,21692.415,21807.103,22495.231,29687.807,1094.656,29687.807,9392.488,9918.625,0.000
320.024,1701269755.778,1057,1208.319,1393.663,21495.807,21577.727,21676.031,21725.183,21757.951,21757.951,1145.856,21757.951,9375.232,9920.885,0.000,27679,1233.919,1403.903,21512.191,21577.727,21692.415,21790.719,22495.231,29687.807,1094.656,29687.807,9391.829,9918.712,0.000
330.031,1701269765.785,1066,1215.487,1380.351,21495.807,21561.343,21676.031,21757.951,21889.023,21889.023,1146.880,21889.023,9381.478,9921.797,0.000,28745,1232.895,1403.903,21512.191,21577.727,21692.415,21790.719,22495.231,29687.807,1094.656,29687.807,9391.445,9918.826,0.000
340.037,1701269775.791,1069,1201.151,1379.327,21495.807,21561.343,21659.647,21725.183,21757.951,21757.951,1106.944,21757.951,9366.504,9924.259,0.000,29814,1231.871,1402.879,21512.191,21577.727,21692.415,21790.719,22495.231,29687.807,1094.656,29687.807,9390.550,9919.022,0.000
350.043,1701269785.797,1067,1206.271,1378.303,21479.423,21577.727,21676.031,21839.871,22069.247,22069.247,1101.824,22069.247,9365.494,9921.098,0.000,30881,1230.847,1401.855,21512.191,21577.727,21692.415,21807.103,22200.319,29687.807,1094.656,29687.807,9389.685,9919.095,0.000
360.050,1701269795.804,1069,1213.439,1379.327,21495.807,21561.343,21676.031,21757.951,21774.335,21774.335,1129.472,21774.335,9370.354,9916.337,0.000,31950,1229.823,1400.831,21512.191,21577.727,21692.415,21790.719,22200.319,29687.807,1094.656,29687.807,9389.038,9919.004,0.000
370.056,1701269805.810,1067,1204.223,1373.183,21495.807,21577.727,21676.031,21757.951,21823.487,21823.487,1114.112,21823.487,9384.298,9928.555,0.000,33017,1228.799,1399.807,21512.191,21577.727,21692.415,21790.719,22200.319,29687.807,1094.656,29687.807,9388.885,9919.312,0.000
380.063,1701269815.817,1069,1203.199,1356.799,21479.423,21544.959,21643.263,21692.415,21741.567,21741.567,1118.208,21741.567,9359.698,9920.919,0.000,34086,1228.799,1398.783,21512.191,21577.727,21692.415,21790.719,22200.319,29687.807,1094.656,29687.807,9387.969,9919.364,0.000
390.069,1701269825.823,1071,1200.127,1368.063,21479.423,21561.343,21659.647,21692.415,21692.415,21692.415,1124.352,21692.415,9330.375,9914.888,0.000,35157,1227.775,1397.759,21512.191,21577.727,21692.415,21774.335,22200.319,29687.807,1094.656,29687.807,9386.215,9919.233,0.000
400.075,1701269835.829,1071,1199.103,1362.943,21479.423,21544.959,21643.263,21790.719,28377.087,28377.087,1112.064,28377.087,9348.788,9926.971,0.000,36228,1226.751,1396.735,21512.191,21577.727,21692.415,21790.719,22495.231,29687.807,1094.656,29687.807,9385.108,9919.464,0.000
410.082,1701269845.836,1069,1198.079,1369.087,21479.423,21544.959,21659.647,21725.183,21757.951,21757.951,1121.280,21757.951,9358.294,9917.581,0.000,37297,1225.727,1395.711,21512.191,21577.727,21692.415,21774.335,22495.231,29687.807,1094.656,29687.807,9384.340,9919.411,0.000
420.088,1701269855.842,1069,1198.079,1370.111,21479.423,21544.959,21643.263,21708.799,21708.799,21708.799,1127.424,21708.799,9360.889,9918.295,0.000,38366,1224.703,1394.687,21495.807,21577.727,21692.415,21774.335,22495.231,29687.807,1094.656,29687.807,9383.687,9919.380,0.000
430.095,1701269865.849,1069,1203.199,1359.871,21463.039,21528.575,21610.495,21676.031,21708.799,21708.799,1112.064,21708.799,9351.383,9913.504,0.000,39435,1224.703,1393.663,21495.807,21577.727,21692.415,21774.335,22495.231,29687.807,1094.656,29687.807,9382.811,9919.222,0.000
440.101,1701269875.855,1072,1199.103,1355.775,21463.039,21528.575,21610.495,21757.951,21921.791,21921.791,1092.608,21921.791,9343.057,9911.772,0.000,40507,1223.679,1393.663,21495.807,21577.727,21676.031,21774.335,22200.319,29687.807,1092.608,29687.807,9381.759,9919.027,0.000
450.107,1701269885.861,1066,1218.559,1392.639,21479.423,21561.343,21676.031,21692.415,21741.567,21741.567,1118.208,21741.567,9376.017,9914.293,0.000,41573,1223.679,1392.639,21495.807,21577.727,21676.031,21774.335,22200.319,29687.807,1092.608,29687.807,9381.612,9918.906,0.000
460.114,1701269895.868,1069,1214.463,1385.471,21479.423,21544.959,21643.263,21741.567,21741.567,21741.567,1137.664,21741.567,9368.462,9912.766,0.000,42642,1223.679,1392.639,21495.807,21577.727,21676.031,21774.335,22200.319,29687.807,1092.608,29687.807,9381.282,9918.752,0.000
470.119,1701269905.873,1067,1203.199,1381.375,21495.807,21561.343,21692.415,21725.183,29704.191,29704.191,1112.064,29704.191,9370.200,9931.866,0.000,43709,1222.655,1392.639,21495.807,21577.727,21676.031,21774.335,22495.231,29704.191,1092.608,29704.191,9381.011,9919.073,0.000
480.024,1701269915.778,1059,1197.055,1372.159,21479.423,21544.959,21659.647,21708.799,21725.183,21725.183,1115.136,21725.183,9358.651,9917.334,0.000,44768,1222.655,1391.615,21495.807,21577.727,21676.031,21774.335,22495.231,29704.191,1092.608,29704.191,9380.482,9919.032,0.000
490.031,1701269925.785,1069,1198.079,1370.111,21479.423,21561.343,21643.263,21676.031,21725.183,21725.183,1118.208,21725.183,9360.489,9921.151,0.000,45837,1221.631,1391.615,21495.807,21577.727,21676.031,21774.335,22495.231,29704.191,1092.608,29704.191,9380.016,9919.082,0.000
500.037,1701269935.791,1069,1201.151,1373.183,21463.039,21528.575,21626.879,21708.799,21741.567,21741.567,1117.184,21741.567,9357.312,9911.708,0.000,46906,1221.631,1390.591,21495.807,21577.727,21676.031,21774.335,22495.231,29704.191,1092.608,29704.191,9379.499,9918.915,0.000
510.044,1701269945.798,1069,1200.127,1381.375,21479.423,21544.959,21626.879,21708.799,21741.567,21741.567,1110.016,21741.567,9361.231,9913.703,0.000,47975,1220.607,1390.591,21495.807,21577.727,21676.031,21774.335,22495.231,29704.191,1092.608,29704.191,9379.092,9918.799,0.000
520.050,1701269955.804,1069,1201.151,1370.111,21463.039,21544.959,21643.263,21692.415,21807.103,21807.103,1125.376,21807.103,9358.350,9912.305,0.000,49044,1220.607,1390.591,21495.807,21561.343,21676.031,21774.335,22495.231,29704.191,1092.608,29704.191,9378.640,9918.658,0.000
530.056,1701269965.810,1069,1192.959,1369.087,21463.039,21544.959,21626.879,21692.415,21708.799,21708.799,1064.960,21708.799,9350.845,9915.645,0.000,50113,1219.583,1389.567,21495.807,21561.343,21676.031,21774.335,22200.319,29704.191,1064.960,29704.191,9378.047,9918.595,0.000
