#[Interval percentile log between 60.000 and 520.066 seconds (relative to StartTime)]
#[StartTime: 1701267968.265 (seconds since epoch), Wed Nov 29 14:26:08 GMT 2023]
"Timestamp","StartTime","Int_Count","Int_25%","Int_50%","Int_75%","Int_90%","Int_99%","Int_99.9%","Int_99.99%","Int_99.999%","Int_Min","Int_Max","Int_Mean","Int_Std_Deviation","Int_Throughput","Total_Count","Total_25%","Total_50%","Total_75%","Total_90%","Total_99%","Total_99.9%","Total_99.99%","Total_99.999%","Total_Min%","Total_Max","Total_Mean","Total_Std_Deviation","Total_Throughput",
70.044,1701268038.309,7845,1197.055,1293.311,1330.175,1367.039,1460.223,1627.135,2024.447,2024.447,1114.112,2024.447,1275.269,80.009,0.001,7845,1197.055,1293.311,1330.175,1367.039,1460.223,1627.135,2024.447,2024.447,1114.112,2024.447,1275.269,80.009,0.001
80.050,1701268048.315,7750,1209.343,1305.599,1344.511,1381.375,1481.727,1628.159,7954.431,7954.431,1131.520,7954.431,1290.638,133.694,0.001,15595,1203.199,1298.431,1338.367,1375.231,1473.535,1627.135,6160.383,7954.431,1114.112,7954.431,1282.907,110.281,0.001
90.057,1701268058.322,7769,1209.343,1305.599,1341.439,1379.327,1480.703,1612.799,1852.415,1852.415,1123.328,1852.415,1287.859,79.974,0.001,23364,1205.247,1301.503,1339.391,1377.279,1476.607,1623.039,5791.743,7954.431,1114.112,7954.431,1284.553,101.242,0.001
100.063,1701268068.328,7781,1206.271,1303.551,1340.415,1379.327,1484.799,1645.567,1879.039,1879.039,1124.352,1879.039,1285.845,81.660,0.001,31145,1205.247,1301.503,1339.391,1377.279,1478.655,1624.063,2024.447,7954.431,1114.112,7954.431,1284.876,96.724,0.001
110.069,1701268078.334,7795,1207.295,1302.527,1336.319,1372.159,1465.343,1647.615,1742.847,1742.847,1133.568,1742.847,1283.617,78.054,0.001,38940,1206.271,1301.503,1339.391,1376.255,1476.607,1628.159,2024.447,7954.431,1114.112,7954.431,1284.624,93.288,0.001
120.076,1701268088.341,7760,1214.463,1304.575,1339.391,1377.279,1481.727,1679.359,8187.903,8187.903,1122.304,8187.903,1289.344,110.442,0.001,46700,1207.295,1302.527,1339.391,1376.255,1476.607,1634.303,2158.591,8187.903,1114.112,8187.903,1285.409,96.366,0.001
130.082,1701268098.347,7750,1212.415,1306.623,1343.487,1383.423,1491.967,1656.831,5361.663,5361.663,1126.400,5361.663,1290.906,93.057,0.001,54450,1208.319,1302.527,1339.391,1377.279,1478.655,1637.375,2158.591,8187.903,1114.112,8187.903,1286.191,95.921,0.001
140.088,1701268108.353,7807,1202.175,1297.407,1335.295,1374.207,1478.655,1601.535,1776.639,1776.639,1134.592,1776.639,1281.601,79.075,0.001,62257,1207.295,1302.527,1339.391,1377.279,1478.655,1633.279,2078.719,8187.903,1114.112,8187.903,1285.615,93.987,0.001
150.095,1701268118.360,7741,1208.319,1306.623,1348.607,1392.639,1522.687,1672.191,1799.167,1799.167,1142.784,1799.167,1292.474,85.885,0.001,69998,1207.295,1302.527,1340.415,1378.303,1484.799,1645.567,2078.719,8187.903,1114.112,8187.903,1286.374,93.150,0.001
160.000,1701268128.265,7715,1202.175,1302.527,1339.391,1378.303,1468.415,1615.871,1924.095,1924.095,1134.592,1924.095,1283.935,81.162,0.001,77713,1207.295,1302.527,1340.415,1378.303,1481.727,1642.495,2024.447,8187.903,1114.112,8187.903,1286.132,92.033,0.001
170.008,1701268138.273,7807,1201.151,1300.479,1336.319,1376.255,1465.343,1586.175,1653.759,1653.759,1134.592,1653.759,1281.602,79.493,0.001,85520,1206.271,1302.527,1339.391,1378.303,1480.703,1635.327,1991.679,8187.903,1114.112,8187.903,1285.718,90.969,0.001
180.014,1701268148.279,7749,1209.343,1309.695,1349.631,1387.519,1488.895,1622.015,1742.847,1742.847,1132.544,1742.847,1291.326,82.515,0.001,93269,1206.271,1302.527,1340.415,1379.327,1481.727,1634.303,1988.607,8187.903,1114.112,8187.903,1286.184,90.310,0.001
190.020,1701268158.285,7769,1211.391,1302.527,1342.463,1382.399,1489.919,1637.375,1966.079,1966.079,1125.376,1966.079,1287.766,80.733,0.001,101038,1207.295,1302.527,1340.415,1379.327,1481.727,1634.303,1966.079,7954.431,1114.112,8187.903,1286.306,89.611,0.001
200.026,1701268168.291,7759,1207.295,1305.599,1346.559,1386.495,1494.015,1659.903,2064.383,2064.383,1128.448,2064.383,1289.571,83.268,0.001,108797,1207.295,1302.527,1341.439,1379.327,1482.751,1634.303,1991.679,7954.431,1114.112,8187.903,1286.539,89.178,0.001
210.032,1701268178.297,7771,1207.295,1302.527,1342.463,1382.399,1487.871,1602.559,5353.471,5353.471,1118.208,5353.471,1287.522,93.655,0.001,116568,1207.295,1302.527,1341.439,1380.351,1483.775,1633.279,1991.679,7954.431,1114.112,8187.903,1286.604,89.484,0.001
220.039,1701268188.304,7749,1211.391,1307.647,1345.535,1383.423,1491.967,1677.311,1816.575,1816.575,1134.592,1816.575,1291.253,81.110,0.001,124317,1207.295,1303.551,1341.439,1380.351,1484.799,1634.303,1988.607,7954.431,1114.112,8187.903,1286.894,88.992,0.001
230.045,1701268198.310,7746,1213.439,1306.623,1344.511,1384.447,1492.991,1764.351,2140.159,2140.159,1123.328,2140.159,1291.559,82.462,0.001,132063,1208.319,1303.551,1341.439,1380.351,1484.799,1637.375,2010.111,7954.431,1114.112,8187.903,1287.168,88.629,0.001
240.051,1701268208.316,7601,1233.919,1327.103,1373.183,1421.311,1551.359,1729.535,2824.191,2824.191,1139.712,2824.191,1316.347,90.482,0.001,139664,1209.343,1304.575,1343.487,1383.423,1489.919,1648.639,2024.447,7954.431,1114.112,8187.903,1288.756,88.977,0.001
250.057,1701268218.322,7633,1232.895,1324.031,1366.015,1406.975,1510.399,1720.319,2154.495,2154.495,1137.664,2154.495,1310.725,82.972,0.001,147297,1210.367,1304.575,1344.511,1384.447,1491.967,1651.711,2024.447,7954.431,1114.112,8187.903,1289.894,88.810,0.001
260.064,1701268228.329,7653,1229.823,1323.007,1362.943,1401.855,1506.303,1661.951,2336.767,2336.767,1135.616,2336.767,1307.467,83.276,0.001,154950,1211.391,1305.599,1345.535,1385.471,1491.967,1653.759,2032.639,7954.431,1114.112,8187.903,1290.762,88.626,0.001
270.070,1701268238.335,7647,1228.799,1326.079,1364.991,1404.927,1496.063,1595.391,1657.855,1657.855,1129.472,1657.855,1308.264,81.403,0.001,162597,1212.415,1306.623,1346.559,1387.519,1492.991,1649.663,2024.447,7954.431,1114.112,8187.903,1291.585,88.378,0.001
280.076,1701268248.341,7663,1223.679,1319.935,1362.943,1404.927,1518.591,1686.527,1894.399,1894.399,1147.904,1894.399,1305.675,85.148,0.001,170260,1213.439,1306.623,1347.583,1387.519,1494.015,1653.759,2017.279,7954.431,1114.112,8187.903,1292.219,88.283,0.001
290.082,1701268258.347,7712,1216.511,1313.791,1353.727,1392.639,1504.255,1653.759,4110.335,4110.335,1131.520,4110.335,1297.395,89.958,0.001,177972,1213.439,1307.647,1347.583,1388.543,1494.015,1653.759,2032.639,7954.431,1114.112,8187.903,1292.444,88.363,0.001
300.088,1701268268.353,7696,1215.487,1314.815,1359.871,1401.855,1524.735,1817.599,2113.535,2113.535,1114.112,2113.535,1300.078,89.348,0.001,185668,1213.439,1307.647,1348.607,1388.543,1495.039,1659.903,2053.119,7954.431,1114.112,8187.903,1292.760,88.417,0.001
310.095,1701268278.360,7764,1212.415,1301.503,1344.511,1383.423,1497.087,1663.999,1784.831,1784.831,1108.992,1784.831,1288.493,81.604,0.001,193432,1213.439,1307.647,1348.607,1388.543,1495.039,1659.903,2032.639,7954.431,1108.992,8187.903,1292.589,88.157,0.001
320.000,1701268288.265,7797,1188.863,1284.095,1327.103,1368.063,1470.463,1699.839,9437.183,9437.183,1101.824,9437.183,1270.473,134.245,0.001,201229,1212.415,1306.623,1347.583,1387.519,1495.039,1659.903,2053.119,7954.431,1101.824,9437.183,1291.732,90.483,0.001
330.008,1701268298.273,7816,1197.055,1297.407,1338.367,1379.327,1485.823,1657.855,1853.439,1853.439,1113.088,1853.439,1280.162,84.699,0.001,209045,1212.415,1305.599,1347.583,1387.519,1494.015,1659.903,2053.119,7954.431,1101.824,9437.183,1291.299,90.300,0.001
340.014,1701268308.279,7811,1200.127,1299.455,1337.343,1374.207,1471.487,1577.983,1714.175,1714.175,1119.232,1714.175,1280.810,80.618,0.001,216856,1211.391,1305.599,1346.559,1387.519,1494.015,1657.855,2032.639,7954.431,1101.824,9437.183,1290.921,89.990,0.001
350.020,1701268318.285,7841,1195.007,1294.335,1331.199,1369.087,1475.583,1661.951,1923.071,1923.071,1119.232,1923.071,1275.984,81.464,0.001,224697,1211.391,1305.599,1346.559,1386.495,1492.991,1657.855,2024.447,7954.431,1101.824,9437.183,1290.400,89.748,0.001
360.027,1701268328.292,7796,1205.247,1299.455,1336.319,1375.231,1484.799,1687.551,1786.879,1786.879,1113.088,1786.879,1283.356,80.863,0.001,232493,1211.391,1304.575,1345.535,1386.495,1492.991,1658.879,2017.279,7954.431,1101.824,9437.183,1290.164,89.474,0.001
370.033,1701268338.298,7707,1219.583,1316.863,1353.727,1388.543,1480.703,1615.871,2099.199,2099.199,1149.952,2099.199,1298.309,78.702,0.001,240200,1211.391,1305.599,1346.559,1386.495,1492.991,1657.855,2017.279,7954.431,1101.824,9437.183,1290.425,89.160,0.001
380.040,1701268348.305,7771,1207.295,1306.623,1343.487,1379.327,1474.559,1610.751,1742.847,1742.847,1121.280,1742.847,1287.654,79.307,0.001,247971,1211.391,1305.599,1346.559,1386.495,1491.967,1656.831,2017.279,7954.431,1101.824,9437.183,1290.338,88.869,0.001
390.046,1701268358.311,7743,1212.415,1311.743,1349.631,1385.471,1472.511,1592.319,1831.935,1831.935,1134.592,1831.935,1292.185,80.470,0.001,255714,1211.391,1305.599,1346.559,1386.495,1490.943,1654.783,2010.111,7954.431,1101.824,9437.183,1290.394,88.627,0.001
400.053,1701268368.318,7798,1205.247,1301.503,1338.367,1373.183,1466.367,1589.247,1683.455,1683.455,1127.424,1683.455,1283.076,78.184,0.001,263512,1211.391,1305.599,1345.535,1385.471,1489.919,1652.735,1991.679,7954.431,1101.824,9437.183,1290.178,88.344,0.001
410.059,1701268378.324,7750,1209.343,1307.647,1347.583,1384.447,1482.751,1633.279,8249.343,8249.343,1137.664,8249.343,1290.939,113.821,0.001,271262,1211.391,1305.599,1346.559,1385.471,1489.919,1651.711,1991.679,8187.903,1101.824,9437.183,1290.200,89.173,0.001
420.065,1701268388.330,7720,1214.463,1314.815,1353.727,1391.615,1486.847,1628.159,1880.063,1880.063,1129.472,1880.063,1296.115,82.182,0.001,278982,1211.391,1305.599,1346.559,1386.495,1489.919,1650.687,1991.679,8187.903,1101.824,9437.183,1290.363,88.992,0.001
430.072,1701268398.337,7757,1209.343,1307.647,1346.559,1382.399,1478.655,1687.551,2136.063,2136.063,1130.496,2136.063,1289.926,81.170,0.001,286739,1211.391,1305.599,1346.559,1385.471,1489.919,1651.711,1991.679,8187.903,1101.824,9437.183,1290.351,88.790,0.001
440.078,1701268408.343,7756,1208.319,1307.647,1346.559,1384.447,1503.231,1751.039,1902.591,1902.591,1124.352,1902.591,1290.066,84.494,0.001,294495,1211.391,1305.599,1346.559,1385.471,1489.919,1653.759,1988.607,8187.903,1101.824,9437.183,1290.344,88.679,0.001
450.085,1701268418.350,7732,1211.391,1313.791,1352.703,1390.591,1483.775,1605.631,1730.559,1730.559,1119.232,1730.559,1294.081,82.597,0.001,302227,1211.391,1305.599,1346.559,1386.495,1489.919,1650.687,1988.607,7954.431,1101.824,9437.183,1290.440,88.531,0.001
460.091,1701268428.356,7762,1209.343,1306.623,1344.511,1380.351,1477.631,1603.583,4698.111,4698.111,1138.688,4698.111,1289.026,88.563,0.001,309989,1211.391,1305.599,1346.559,1385.471,1489.919,1650.687,1988.607,7954.431,1101.824,9437.183,1290.404,88.532,0.001
470.098,1701268438.363,7786,1203.199,1304.575,1341.439,1379.327,1477.631,1701.887,1795.071,1795.071,1121.280,1795.071,1285.116,82.458,0.001,317775,1210.367,1305.599,1346.559,1385.471,1489.919,1650.687,1988.607,7954.431,1101.824,9437.183,1290.275,88.392,0.001
480.003,1701268448.268,7724,1202.175,1300.479,1337.343,1373.183,1475.583,1623.039,6860.799,6860.799,1122.304,6860.799,1282.442,102.929,0.001,325499,1210.367,1305.599,1346.559,1385.471,1488.895,1649.663,1988.607,7954.431,1101.824,9437.183,1290.089,88.773,0.001
490.011,1701268458.276,7797,1201.151,1301.503,1339.391,1379.327,1486.847,1596.415,1865.727,1865.727,1126.400,1865.727,1283.247,82.932,0.001,333296,1210.367,1305.599,1345.535,1385.471,1488.895,1647.615,1977.343,7954.431,1101.824,9437.183,1289.929,88.646,0.001
500.017,1701268468.282,7790,1204.223,1301.503,1340.415,1377.279,1492.991,1603.583,1827.839,1827.839,1122.304,1827.839,1284.296,82.144,0.001,341086,1210.367,1305.599,1345.535,1385.471,1488.895,1646.591,1971.199,7954.431,1101.824,9437.183,1289.800,88.507,0.001
510.023,1701268478.288,7785,1209.343,1301.503,1340.415,1376.255,1463.295,1562.623,1651.711,1651.711,1128.448,1651.711,1285.281,77.449,0.001,348871,1210.367,1305.599,1345.535,1385.471,1488.895,1645.567,1971.199,7954.431,1101.824,9437.183,1289.699,88.278,0.001
520.030,1701268488.295,7753,1207.295,1308.671,1348.607,1385.471,1488.895,1603.583,1721.343,1721.343,1129.472,1721.343,1290.454,82.778,0.001,356624,1210.367,1305.599,1345.535,1385.471,1488.895,1644.543,1966.079,7954.431,1101.824,9437.183,1289.716,88.162,0.001
530.036,1701268498.301,7700,1213.439,1315.839,1356.799,1397.759,1533.951,1782.783,1997.823,1997.823,1131.520,1997.823,1299.513,88.165,0.001,364324,1210.367,1305.599,1345.535,1385.471,1489.919,1647.615,1966.079,7954.431,1101.824,9437.183,1289.923,88.174,0.001
