#[Interval percentile log between 60.000 and 520.080 seconds (relative to StartTime)]
#[StartTime: 1701270425.335 (seconds since epoch), Wed Nov 29 15:07:05 GMT 2023]
"Timestamp","StartTime","Int_Count","Int_25%","Int_50%","Int_75%","Int_90%","Int_99%","Int_99.9%","Int_99.99%","Int_99.999%","Int_Min","Int_Max","Int_Mean","Int_Std_Deviation","Int_Throughput","Total_Count","Total_25%","Total_50%","Total_75%","Total_90%","Total_99%","Total_99.9%","Total_99.99%","Total_99.999%","Total_Min%","Total_Max","Total_Mean","Total_Std_Deviation","Total_Throughput",
70.092,1701270495.427,1062,1343.487,1402.879,21495.807,21561.343,21659.647,21741.567,21774.335,21774.335,1209.344,21774.335,9418.100,9876.369,0.000,1062,1343.487,1402.879,21495.807,21561.343,21659.647,21741.567,21774.335,21774.335,1209.344,21774.335,9418.100,9876.369,0.000
80.099,1701270505.434,1061,1351.679,1418.239,21495.807,21561.343,21659.647,21708.799,21708.799,21708.799,1206.272,21708.799,9432.608,9873.007,0.000,2123,1347.583,1411.071,21495.807,21561.343,21659.647,21708.799,21774.335,21774.335,1206.272,21774.335,9425.351,9874.691,0.000
90.105,1701270515.440,1062,1350.655,1424.383,21495.807,21561.343,21676.031,21708.799,21823.487,21823.487,1232.896,21823.487,9427.079,9871.144,0.000,3185,1348.607,1416.191,21495.807,21561.343,21659.647,21708.799,21823.487,21823.487,1206.272,21823.487,9425.927,9873.509,0.000
100.112,1701270525.447,1064,1303.551,1379.327,21446.655,21512.191,21626.879,21725.183,26984.447,26984.447,1159.168,26984.447,9394.140,9873.101,0.000,4249,1337.343,1410.047,21479.423,21544.959,21659.647,21725.183,26984.447,26984.447,1159.168,26984.447,9417.967,9873.416,0.000
110.119,1701270535.454,1061,1342.463,1412.095,21479.423,21561.343,21659.647,21708.799,21708.799,21708.799,1208.320,21708.799,9421.525,9874.515,0.000,5310,1337.343,1410.047,21479.423,21544.959,21659.647,21725.183,26984.447,26984.447,1159.168,26984.447,9418.678,9873.636,0.000
120.125,1701270545.460,1064,1330.175,1404.927,21479.423,21544.959,21643.263,21708.799,21774.335,21774.335,1195.008,21774.335,9408.542,9874.862,0.000,6374,1336.319,1409.023,21479.423,21544.959,21659.647,21725.183,26984.447,26984.447,1159.168,26984.447,9416.986,9873.841,0.000
130.132,1701270555.467,1064,1330.175,1394.687,21463.039,21528.575,21626.879,21725.183,21725.183,21725.183,1183.744,21725.183,9402.903,9869.482,0.000,7438,1335.295,1406.975,21479.423,21544.959,21643.263,21725.183,26984.447,26984.447,1159.168,26984.447,9414.971,9873.219,0.000
140.138,1701270565.473,1067,1309.695,1364.991,21446.655,21495.807,21610.495,21889.023,22069.247,22069.247,1161.216,22069.247,9378.758,9872.245,0.000,8505,1331.199,1403.903,21479.423,21544.959,21643.263,21741.567,26984.447,26984.447,1159.168,26984.447,9410.428,9873.104,0.000
150.045,1701270575.380,1055,1320.959,1385.471,21463.039,21512.191,21594.111,21692.415,21872.639,21872.639,1203.200,21872.639,9403.134,9872.027,0.000,9560,1330.175,1401.855,21479.423,21544.959,21643.263,21741.567,26984.447,26984.447,1159.168,26984.447,9409.623,9872.986,0.000
160.051,1701270585.386,1065,1314.815,1371.135,21463.039,21512.191,21594.111,21626.879,21708.799,21708.799,1201.152,21708.799,9379.309,9868.442,0.000,10625,1328.127,1398.783,21463.039,21544.959,21643.263,21725.183,22069.247,26984.447,1159.168,26984.447,9406.585,9872.535,0.000
170.058,1701270595.393,1069,1299.455,1355.775,21446.655,21495.807,21594.111,21643.263,21659.647,21659.647,1175.552,21659.647,9371.519,9873.989,0.000,11694,1325.055,1396.735,21463.039,21528.575,21643.263,21725.183,22069.247,26984.447,1159.168,26984.447,9403.379,9872.673,0.000
180.064,1701270605.399,1067,1299.455,1368.063,21446.655,21512.191,21610.495,21692.415,21692.415,21692.415,1159.168,21692.415,9379.458,9867.396,0.000,12761,1323.007,1394.687,21463.039,21528.575,21643.263,21725.183,22069.247,26984.447,1159.168,26984.447,9401.379,9872.234,0.000
190.071,1701270615.406,1066,1312.767,1369.087,21446.655,21495.807,21594.111,21659.647,21692.415,21692.415,1171.456,21692.415,9382.971,9866.840,0.000,13827,1321.983,1392.639,21463.039,21528.575,21626.879,21725.183,22069.247,26984.447,1159.168,26984.447,9399.960,9871.819,0.000
200.077,1701270625.412,1067,1298.431,1359.871,21446.655,21495.807,21594.111,21692.415,21970.943,21970.943,1157.120,21970.943,9369.389,9874.365,0.000,14894,1318.911,1391.615,21463.039,21528.575,21626.879,21725.183,22069.247,26984.447,1157.120,26984.447,9397.770,9872.005,0.000
210.083,1701270635.418,1067,1300.479,1361.919,21446.655,21495.807,21594.111,21626.879,21676.031,21676.031,1157.120,21676.031,9390.511,9876.137,0.000,15961,1317.887,1389.567,21463.039,21528.575,21626.879,21708.799,22069.247,26984.447,1157.120,26984.447,9397.284,9872.281,0.000
220.090,1701270645.425,1066,1315.839,1368.063,21463.039,21512.191,21594.111,21676.031,21692.415,21692.415,1189.888,21692.415,9369.544,9868.481,0.000,17027,1316.863,1388.543,21463.039,21528.575,21626.879,21708.799,22069.247,26984.447,1157.120,26984.447,9395.548,9872.046,0.000
230.096,1701270655.431,1069,1298.431,1358.847,21446.655,21512.191,21626.879,21741.567,21823.487,21823.487,1148.928,21823.487,9373.562,9877.701,0.000,18096,1315.839,1386.495,21463.039,21528.575,21626.879,21708.799,22069.247,26984.447,1148.928,26984.447,9394.249,9872.381,0.000
240.103,1701270665.438,1066,1302.527,1363.967,21463.039,21512.191,21626.879,21708.799,21774.335,21774.335,1164.288,21774.335,9384.764,9878.514,0.000,19162,1314.815,1386.495,21463.039,21528.575,21626.879,21708.799,22069.247,26984.447,1148.928,26984.447,9393.721,9872.723,0.000
250.110,1701270675.445,1067,1291.263,1353.727,21446.655,21495.807,21594.111,21643.263,21676.031,21676.031,1149.952,21676.031,9372.740,9871.598,0.000,20229,1313.791,1384.447,21463.039,21528.575,21626.879,21708.799,21970.943,26984.447,1148.928,26984.447,9392.615,9872.665,0.000
260.116,1701270685.451,1066,1295.359,1351.679,21430.271,21479.423,21594.111,21659.647,29638.655,29638.655,1173.504,29638.655,9378.013,9882.751,0.000,21295,1312.767,1383.423,21463.039,21512.191,21626.879,21708.799,22069.247,29638.655,1148.928,29638.655,9391.884,9873.170,0.000
270.122,1701270695.457,1072,1289.215,1344.511,21413.887,21463.039,21577.727,21643.263,21643.263,21643.263,1163.264,21643.263,9350.816,9865.891,0.000,22367,1310.719,1381.375,21446.655,21512.191,21626.879,21708.799,22069.247,29638.655,1148.928,29638.655,9389.915,9872.825,0.000
280.129,1701270705.464,1069,1282.047,1349.631,21430.271,21479.423,21577.727,21692.415,21856.255,21856.255,1146.880,21856.255,9356.858,9868.880,0.000,23436,1309.695,1380.351,21446.655,21512.191,21626.879,21708.799,22069.247,29638.655,1146.880,29638.655,9388.408,9872.648,0.000
290.136,1701270715.471,1069,1291.263,1349.631,21430.271,21479.423,21577.727,21610.495,21610.495,21610.495,1172.480,21610.495,9364.313,9869.251,0.000,24505,1308.671,1379.327,21446.655,21512.191,21626.879,21708.799,22069.247,29638.655,1146.880,29638.655,9387.356,9872.501,0.000
300.142,1701270725.477,1066,1298.431,1362.943,21446.655,21512.191,21610.495,21708.799,23461.887,23461.887,1160.192,23461.887,9382.097,9881.010,0.000,25571,1307.647,1378.303,21446.655,21512.191,21626.879,21708.799,23461.887,29638.655,1146.880,29638.655,9387.137,9872.856,0.000
310.049,1701270735.384,1057,1297.407,1363.967,21446.655,21495.807,21594.111,21626.879,21725.183,21725.183,1173.504,21725.183,9368.281,9871.500,0.000,26628,1307.647,1378.303,21446.655,21512.191,21610.495,21708.799,23461.887,29638.655,1146.880,29638.655,9386.389,9872.803,0.000
320.055,1701270745.390,1066,1301.503,1369.087,21446.655,21512.191,21610.495,21708.799,21708.799,21708.799,1179.648,21708.799,9380.607,9873.946,0.000,27694,1306.623,1377.279,21446.655,21512.191,21610.495,21708.799,23461.887,29638.655,1146.880,29638.655,9386.166,9872.847,0.000
330.061,1701270755.396,1069,1297.407,1358.847,21430.271,21495.807,21594.111,21659.647,21676.031,21676.031,1163.264,21676.031,9368.644,9873.204,0.000,28763,1306.623,1377.279,21446.655,21512.191,21610.495,21708.799,23461.887,29638.655,1146.880,29638.655,9385.515,9872.861,0.000
340.068,1701270765.403,1069,1307.647,1371.135,21446.655,21512.191,21594.111,21659.647,21676.031,21676.031,1165.312,21676.031,9359.665,9868.053,0.000,29832,1306.623,1376.255,21446.655,21512.191,21610.495,21708.799,23461.887,29638.655,1146.880,29638.655,9384.589,9872.690,0.000
350.074,1701270775.409,1067,1297.407,1355.775,21413.887,21479.423,21594.111,21708.799,29425.663,29425.663,1153.024,29425.663,9368.162,9876.533,0.000,30899,1306.623,1375.231,21446.655,21512.191,21610.495,21708.799,23461.887,29638.655,1146.880,29638.655,9384.021,9872.823,0.000
360.081,1701270785.416,1066,1306.623,1376.255,21430.271,21495.807,21626.879,21774.335,21790.719,21790.719,1179.648,21790.719,9382.303,9867.871,0.000,31965,1306.623,1376.255,21446.655,21512.191,21610.495,21708.799,23461.887,29638.655,1146.880,29638.655,9383.964,9872.658,0.000
370.087,1701270795.422,1069,1293.311,1356.799,21430.271,21479.423,21561.343,21610.495,21626.879,21626.879,1164.288,21626.879,9363.307,9865.490,0.000,33034,1305.599,1375.231,21446.655,21512.191,21610.495,21708.799,23461.887,29638.655,1146.880,29638.655,9383.296,9872.426,0.000
380.094,1701270805.429,1067,1309.695,1366.015,21430.271,21495.807,21594.111,21725.183,25788.415,25788.415,1149.952,25788.415,9374.684,9869.880,0.000,34101,1306.623,1375.231,21446.655,21512.191,21610.495,21708.799,25788.415,29638.655,1146.880,29638.655,9383.026,9872.347,0.000
390.101,1701270815.436,1069,1296.383,1358.847,21413.887,21479.423,21594.111,21659.647,21676.031,21676.031,1143.808,21676.031,9363.998,9863.802,0.000,35170,1305.599,1374.207,21446.655,21512.191,21610.495,21708.799,25788.415,29638.655,1143.808,29638.655,9382.448,9872.088,0.000
400.107,1701270825.442,1069,1300.479,1350.655,21430.271,21479.423,21577.727,21610.495,21659.647,21659.647,1180.672,21659.647,9365.651,9867.396,0.000,36239,1305.599,1374.207,21446.655,21512.191,21610.495,21708.799,25788.415,29638.655,1143.808,29638.655,9381.952,9871.950,0.000
410.114,1701270835.449,1069,1297.407,1354.751,21430.271,21495.807,21577.727,21626.879,21807.103,21807.103,1130.496,21807.103,9365.043,9869.821,0.000,37308,1305.599,1373.183,21446.655,21512.191,21610.495,21708.799,25788.415,29638.655,1130.496,29638.655,9381.468,9871.889,0.000
420.120,1701270845.455,1066,1307.647,1371.135,21446.655,21495.807,21594.111,21643.263,21708.799,21708.799,1141.760,21708.799,9379.859,9868.103,0.000,38374,1305.599,1373.183,21446.655,21512.191,21610.495,21708.799,25788.415,29638.655,1130.496,29638.655,9381.423,9871.784,0.000
430.127,1701270855.462,1069,1300.479,1356.799,21430.271,21479.423,21577.727,21676.031,21725.183,21725.183,1185.792,21725.183,9369.354,9867.623,0.000,39443,1305.599,1373.183,21446.655,21512.191,21610.495,21708.799,25788.415,29638.655,1130.496,29638.655,9381.096,9871.672,0.000
440.134,1701270865.469,1069,1298.431,1348.607,21430.271,21479.423,21561.343,21610.495,21839.871,21839.871,1170.432,21839.871,9343.187,9864.389,0.000,40512,1304.575,1372.159,21446.655,21512.191,21610.495,21708.799,23461.887,29638.655,1130.496,29638.655,9380.096,9871.481,0.000
450.141,1701270875.476,1072,1290.239,1342.463,21413.887,21479.423,21561.343,21610.495,21676.031,21676.031,1128.448,21676.031,9352.002,9868.219,0.000,41584,1304.575,1372.159,21446.655,21512.191,21610.495,21708.799,23461.887,29638.655,1128.448,29638.655,9379.371,9871.398,0.000
460.047,1701270885.382,1056,1291.263,1346.559,21430.271,21495.807,21626.879,21823.487,21889.023,21889.023,1164.288,21889.023,9366.411,9873.854,0.000,42640,1303.551,1371.135,21446.655,21512.191,21610.495,21708.799,23461.887,29638.655,1128.448,29638.655,9379.050,9871.459,0.000
470.054,1701270895.389,1072,1297.407,1353.727,21430.271,21479.423,21577.727,21790.719,22069.247,22069.247,1169.408,22069.247,9343.536,9861.404,0.000,43712,1303.551,1371.135,21446.655,21512.191,21610.495,21708.799,23461.887,29638.655,1128.448,29638.655,9378.180,9871.214,0.000
480.060,1701270905.395,1066,1302.527,1369.087,21446.655,21495.807,21594.111,21692.415,21741.567,21741.567,1175.552,21741.567,9379.386,9868.488,0.000,44778,1303.551,1371.135,21446.655,21512.191,21610.495,21708.799,23461.887,29638.655,1128.448,29638.655,9378.208,9871.149,0.000
490.066,1701270915.401,1069,1290.239,1350.655,21430.271,21495.807,21594.111,21676.031,21692.415,21692.415,1143.808,21692.415,9362.892,9872.474,0.000,45847,1303.551,1371.135,21446.655,21495.807,21610.495,21708.799,23461.887,29638.655,1128.448,29638.655,9377.851,9871.181,0.000
500.073,1701270925.408,1069,1297.407,1353.727,21430.271,21495.807,21577.727,21676.031,21757.951,21757.951,1177.600,21757.951,9367.119,9869.583,0.000,46916,1303.551,1370.111,21446.655,21495.807,21610.495,21708.799,23461.887,29638.655,1128.448,29638.655,9377.607,9871.144,0.000
510.080,1701270935.415,1067,1303.551,1367.039,21446.655,21512.191,21626.879,21708.799,21725.183,21725.183,1148.928,21725.183,9372.848,9872.179,0.000,47983,1303.551,1370.111,21446.655,21495.807,21610.495,21708.799,23461.887,29638.655,1128.448,29638.655,9377.501,9871.167,0.000
520.087,1701270945.422,1066,1310.719,1375.231,21446.655,21512.191,21643.263,21725.183,21823.487,21823.487,1160.192,21823.487,9386.666,9870.592,0.000,49049,1303.551,1370.111,21446.655,21495.807,21610.495,21708.799,23461.887,29638.655,1128.448,29638.655,9377.700,9871.155,0.000
