#[Interval percentile log between 60.000 and 520.080 seconds (relative to StartTime)]
#[StartTime: 1701272348.517 (seconds since epoch), Wed Nov 29 15:39:08 GMT 2023]
"Timestamp","StartTime","Int_Count","Int_25%","Int_50%","Int_75%","Int_90%","Int_99%","Int_99.9%","Int_99.99%","Int_99.999%","Int_Min","Int_Max","Int_Mean","Int_Std_Deviation","Int_Throughput","Total_Count","Total_25%","Total_50%","Total_75%","Total_90%","Total_99%","Total_99.9%","Total_99.99%","Total_99.999%","Total_Min%","Total_Max","Total_Mean","Total_Std_Deviation","Total_Throughput",
70.047,1701272418.564,1062,1217.535,1475.583,21544.959,21659.647,21790.719,21938.175,22020.095,22020.095,1122.304,22020.095,9418.970,9933.716,0.000,1062,1217.535,1475.583,21544.959,21659.647,21790.719,21938.175,22020.095,22020.095,1122.304,22020.095,9418.970,9933.716,0.000
80.053,1701272428.570,1062,1222.655,1490.943,21544.959,21643.263,21774.335,21856.255,21856.255,21856.255,1119.232,21856.255,9438.640,9933.315,0.000,2124,1220.607,1482.751,21544.959,21659.647,21774.335,21856.255,22020.095,22020.095,1119.232,22020.095,9428.805,9933.521,0.000
90.060,1701272438.577,1063,1221.631,1476.607,21544.959,21643.263,21774.335,21905.407,21921.791,21921.791,1132.544,21921.791,9411.241,9931.750,0.000,3187,1220.607,1480.703,21544.959,21643.263,21774.335,21905.407,22020.095,22020.095,1119.232,22020.095,9422.947,9932.934,0.000
100.066,1701272448.583,1062,1213.439,1468.415,21528.575,21626.879,21741.567,21790.719,21823.487,21823.487,1104.896,21823.487,9405.108,9930.554,0.000,4249,1219.583,1477.631,21544.959,21643.263,21774.335,21872.639,22020.095,22020.095,1104.896,22020.095,9418.488,9932.342,0.000
110.073,1701272458.590,1066,1196.031,1438.719,21495.807,21610.495,21741.567,21839.871,21856.255,21856.255,1099.776,21856.255,9396.732,9927.515,0.000,5315,1214.463,1470.463,21528.575,21643.263,21774.335,21856.255,22020.095,22020.095,1099.776,22020.095,9414.125,9931.378,0.000
120.080,1701272468.597,1063,1219.583,1470.463,21528.575,21643.263,21757.951,21839.871,21889.023,21889.023,1125.376,21889.023,9421.427,9931.572,0.000,6378,1215.487,1470.463,21528.575,21643.263,21774.335,21856.255,22020.095,22020.095,1099.776,22020.095,9415.342,9931.411,0.000
130.086,1701272478.603,1063,1223.679,1468.415,21528.575,21626.879,21774.335,21921.791,21970.943,21970.943,1139.712,21970.943,9402.468,9921.939,0.000,7441,1216.511,1470.463,21528.575,21643.263,21774.335,21872.639,22020.095,22020.095,1099.776,22020.095,9413.503,9930.059,0.000
140.093,1701272488.610,1064,1207.295,1453.055,21495.807,21594.111,21692.415,21872.639,22020.095,22020.095,1135.616,22020.095,9394.569,9919.146,0.000,8505,1215.487,1468.415,21528.575,21626.879,21757.951,21872.639,22020.095,22020.095,1099.776,22020.095,9411.134,9928.697,0.000
149.998,1701272498.515,1056,1199.103,1436.671,21495.807,21594.111,21708.799,21807.103,21807.103,21807.103,1104.896,21807.103,9388.787,9925.063,0.000,9561,1213.439,1465.343,21528.575,21626.879,21757.951,21872.639,22020.095,22020.095,1099.776,22020.095,9408.666,9928.298,0.000
160.007,1701272508.524,1067,1191.935,1440.767,21495.807,21594.111,21692.415,21790.719,22102.015,22102.015,1100.800,22102.015,9378.215,9924.067,0.000,10628,1211.391,1463.295,21528.575,21626.879,21757.951,21872.639,22020.095,22102.015,1099.776,22102.015,9405.609,9927.877,0.000
170.013,1701272518.530,1066,1189.887,1433.599,21495.807,21594.111,21676.031,21741.567,21757.951,21757.951,1059.840,21757.951,9379.493,9924.790,0.000,11694,1210.367,1460.223,21512.191,21626.879,21757.951,21872.639,22020.095,22102.015,1059.840,22102.015,9403.228,9927.599,0.000
180.020,1701272528.537,1067,1196.031,1446.911,21512.191,21610.495,21725.183,21757.951,21774.335,21774.335,1110.016,21774.335,9386.745,9925.816,0.000,12761,1209.343,1458.175,21512.191,21626.879,21741.567,21856.255,22020.095,22102.015,1059.840,22102.015,9401.850,9927.451,0.000
190.026,1701272538.543,1066,1193.983,1431.551,21495.807,21594.111,21708.799,21774.335,21823.487,21823.487,1120.256,21823.487,9386.713,9925.269,0.000,13827,1208.319,1456.127,21512.191,21626.879,21741.567,21856.255,22020.095,22102.015,1059.840,22102.015,9400.683,9927.283,0.000
200.033,1701272548.550,1064,1206.271,1448.959,21495.807,21594.111,21708.799,21774.335,21774.335,21774.335,1120.256,21774.335,9392.277,9921.907,0.000,14891,1207.295,1456.127,21512.191,21610.495,21741.567,21856.255,22020.095,22102.015,1059.840,22102.015,9400.082,9926.900,0.000
210.040,1701272558.557,1067,1202.175,1442.815,21495.807,21610.495,21725.183,21790.719,21807.103,21807.103,1124.352,21807.103,9388.504,9924.334,0.000,15958,1207.295,1455.103,21512.191,21610.495,21741.567,21856.255,22020.095,22102.015,1059.840,22102.015,9399.308,9926.729,0.000
220.047,1701272568.564,1064,1208.319,1454.079,21495.807,21610.495,21725.183,21790.719,21954.559,21954.559,1114.112,21954.559,9397.096,9922.745,0.000,17022,1207.295,1455.103,21512.191,21610.495,21741.567,21856.255,22020.095,22102.015,1059.840,22102.015,9399.170,9926.480,0.000
230.053,1701272578.570,1065,1217.535,1461.247,21495.807,21610.495,21708.799,21774.335,21790.719,21790.719,1127.424,21790.719,9411.268,9920.488,0.000,18087,1208.319,1455.103,21512.191,21610.495,21741.567,21856.255,22020.095,22102.015,1059.840,22102.015,9399.882,9926.127,0.000
240.060,1701272588.577,1063,1216.511,1469.439,21512.191,21626.879,21741.567,21774.335,21790.719,21790.719,1124.352,21790.719,9394.837,9918.427,0.000,19150,1209.343,1456.127,21512.191,21610.495,21741.567,21839.871,22020.095,22102.015,1059.840,22102.015,9399.602,9925.700,0.000
250.066,1701272598.583,1064,1212.415,1461.247,21512.191,21610.495,21741.567,21790.719,21872.639,21872.639,1122.304,21872.639,9409.303,9918.537,0.000,20214,1209.343,1456.127,21512.191,21610.495,21741.567,21839.871,22020.095,22102.015,1059.840,22102.015,9400.113,9925.323,0.000
260.073,1701272608.590,1066,1205.247,1442.815,21495.807,21610.495,21708.799,21757.951,21774.335,21774.335,1092.608,21774.335,9394.838,9924.809,0.000,21280,1209.343,1456.127,21512.191,21610.495,21741.567,21839.871,22020.095,22102.015,1059.840,22102.015,9399.848,9925.298,0.000
270.080,1701272618.597,1062,1208.319,1463.295,21512.191,21610.495,21757.951,21807.103,21839.871,21839.871,1118.208,21839.871,9405.733,9918.125,0.000,22342,1209.343,1456.127,21512.191,21610.495,21741.567,21839.871,22020.095,22102.015,1059.840,22102.015,9400.128,9924.957,0.000
280.086,1701272628.603,1066,1203.199,1447.935,21495.807,21610.495,21708.799,21839.871,21839.871,21839.871,1089.536,21839.871,9394.119,9922.555,0.000,23408,1208.319,1456.127,21512.191,21610.495,21741.567,21839.871,22020.095,22102.015,1059.840,22102.015,9399.854,9924.848,0.000
290.093,1701272638.610,1067,1195.007,1429.503,21479.423,21577.727,21708.799,29212.671,29212.671,29212.671,1093.632,29212.671,9384.591,9939.780,0.000,24475,1208.319,1455.103,21512.191,21610.495,21741.567,21839.871,22102.015,29212.671,1059.840,29212.671,9399.189,9925.500,0.000
300.099,1701272648.616,1066,1192.959,1422.335,21479.423,21577.727,21692.415,21790.719,21807.103,21807.103,1111.040,21807.103,9376.682,9919.651,0.000,25541,1207.295,1454.079,21512.191,21610.495,21741.567,21839.871,22102.015,29212.671,1059.840,29212.671,9398.250,9925.257,0.000
310.004,1701272658.521,1057,1196.031,1419.263,21479.423,21561.343,21676.031,21725.183,21741.567,21741.567,1107.968,21741.567,9367.873,9912.553,0.000,26598,1207.295,1453.055,21512.191,21610.495,21725.183,21839.871,22102.015,29212.671,1059.840,29212.671,9397.043,9924.754,0.000
320.011,1701272668.528,1069,1192.959,1420.287,21479.423,21577.727,21676.031,21708.799,21725.183,21725.183,1106.944,21725.183,9372.738,9921.192,0.000,27667,1206.271,1451.007,21512.191,21610.495,21725.183,21839.871,22102.015,29212.671,1059.840,29212.671,9396.103,9924.617,0.000
330.017,1701272678.534,1066,1187.839,1415.167,21479.423,21577.727,21741.567,21889.023,21921.791,21921.791,1104.896,21921.791,9375.275,9925.666,0.000,28733,1206.271,1449.983,21512.191,21610.495,21725.183,21839.871,22102.015,29212.671,1059.840,29212.671,9395.331,9924.657,0.000
340.024,1701272688.541,1069,1189.887,1411.071,21479.423,21594.111,21708.799,21741.567,21774.335,21774.335,1065.984,21774.335,9368.630,9922.524,0.000,29802,1205.247,1448.959,21495.807,21610.495,21725.183,21839.871,22102.015,29212.671,1059.840,29212.671,9394.373,9924.582,0.000
350.030,1701272698.547,1065,1199.103,1438.719,21495.807,21594.111,21676.031,21741.567,21807.103,21807.103,1094.656,21807.103,9400.611,9918.934,0.000,30867,1205.247,1448.959,21495.807,21610.495,21725.183,21839.871,22020.095,29212.671,1059.840,29212.671,9394.588,9924.387,0.000
360.037,1701272708.554,1066,1204.223,1430.527,21495.807,21594.111,21676.031,21905.407,28098.559,28098.559,1107.968,28098.559,9378.326,9927.722,0.000,31933,1205.247,1447.935,21495.807,21610.495,21725.183,21839.871,22102.015,29212.671,1059.840,29212.671,9394.045,9924.499,0.000
370.043,1701272718.560,1066,1195.007,1427.455,21479.423,21577.727,21676.031,21774.335,21807.103,21807.103,1108.992,21807.103,9379.114,9919.372,0.000,32999,1205.247,1447.935,21495.807,21610.495,21725.183,21839.871,22102.015,29212.671,1059.840,29212.671,9393.563,9924.334,0.000
380.050,1701272728.567,1069,1186.815,1415.167,21479.423,21561.343,21692.415,21741.567,21774.335,21774.335,1111.040,21774.335,9367.282,9919.675,0.000,34068,1204.223,1446.911,21495.807,21610.495,21725.183,21839.871,22102.015,29212.671,1059.840,29212.671,9392.738,9924.188,0.000
390.057,1701272738.574,1067,1191.935,1421.311,21479.423,21577.727,21676.031,21856.255,22102.015,22102.015,1104.896,22102.015,9370.333,9919.466,0.000,35135,1204.223,1445.887,21495.807,21610.495,21725.183,21839.871,22102.015,29212.671,1059.840,29212.671,9392.058,9924.046,0.000
400.063,1701272748.580,1069,1183.743,1412.095,21463.039,21577.727,21676.031,21807.103,21938.175,21938.175,1096.704,21938.175,9364.890,9923.838,0.000,36204,1203.199,1444.863,21495.807,21610.495,21725.183,21839.871,22102.015,29212.671,1059.840,29212.671,9391.256,9924.041,0.000
410.069,1701272758.586,1069,1179.647,1409.023,21463.039,21577.727,21692.415,21774.335,21823.487,21823.487,1074.176,21823.487,9366.565,9917.481,0.000,37273,1202.175,1443.839,21495.807,21610.495,21725.183,21839.871,22102.015,29212.671,1059.840,29212.671,9390.548,9923.854,0.000
420.076,1701272768.593,1066,1193.983,1435.647,21479.423,21594.111,21708.799,21790.719,21839.871,21839.871,1104.896,21839.871,9383.830,9925.453,0.000,38339,1202.175,1443.839,21495.807,21610.495,21725.183,21839.871,22102.015,29212.671,1059.840,29212.671,9390.361,9923.898,0.000
430.082,1701272778.599,1067,1185.791,1416.191,21479.423,21577.727,21676.031,21757.951,21856.255,21856.255,1098.752,21856.255,9365.433,9920.809,0.000,39406,1202.175,1442.815,21495.807,21594.111,21725.183,21839.871,22102.015,29212.671,1059.840,29212.671,9389.686,9923.815,0.000
440.089,1701272788.606,1068,1193.983,1428.479,21495.807,21594.111,21708.799,21807.103,21839.871,21839.871,1102.848,21839.871,9387.170,9926.070,0.000,40474,1202.175,1442.815,21495.807,21594.111,21725.183,21839.871,22102.015,29212.671,1059.840,29212.671,9389.619,9923.875,0.000
450.095,1701272798.612,1067,1196.031,1417.215,21479.423,21577.727,21692.415,21807.103,21872.639,21872.639,1091.584,21872.639,9370.518,9921.078,0.000,41541,1201.151,1441.791,21495.807,21594.111,21725.183,21839.871,22102.015,29212.671,1059.840,29212.671,9389.129,9923.803,0.000
460.001,1701272808.518,1057,1195.007,1434.623,21479.423,21594.111,21676.031,21790.719,21807.103,21807.103,1113.088,21807.103,9377.706,9919.087,0.000,42598,1201.151,1441.791,21495.807,21594.111,21725.183,21839.871,22102.015,29212.671,1059.840,29212.671,9388.845,9923.687,0.000
470.007,1701272818.524,1071,1182.719,1403.903,21463.039,21561.343,21659.647,21741.567,21757.951,21757.951,1067.008,21757.951,9342.927,9916.147,0.000,43669,1201.151,1440.767,21495.807,21594.111,21725.183,21839.871,22102.015,29212.671,1059.840,29212.671,9387.719,9923.504,0.000
480.014,1701272828.531,1067,1190.911,1413.119,21479.423,21594.111,21692.415,21741.567,21921.791,21921.791,1108.992,21921.791,9370.007,9923.249,0.000,44736,1201.151,1439.743,21495.807,21594.111,21725.183,21839.871,22102.015,29212.671,1059.840,29212.671,9387.297,9923.499,0.000
490.020,1701272838.537,1069,1184.767,1409.023,21463.039,21577.727,21659.647,21708.799,21708.799,21708.799,1102.848,21708.799,9365.062,9920.826,0.000,45805,1200.127,1439.743,21495.807,21594.111,21725.183,21823.487,22102.015,29212.671,1059.840,29212.671,9386.778,9923.437,0.000
500.027,1701272848.544,1066,1191.935,1423.359,21479.423,21577.727,21692.415,21774.335,21790.719,21790.719,1115.136,21790.719,9380.165,9922.522,0.000,46871,1200.127,1438.719,21495.807,21594.111,21725.183,21823.487,22102.015,29212.671,1059.840,29212.671,9386.627,9923.416,0.000
510.034,1701272858.551,1067,1196.031,1429.503,21495.807,21594.111,21692.415,21790.719,21807.103,21807.103,1114.112,21807.103,9375.623,9920.269,0.000,47938,1200.127,1438.719,21495.807,21594.111,21725.183,21823.487,22102.015,29212.671,1059.840,29212.671,9386.383,9923.346,0.000
520.040,1701272868.557,1066,1197.055,1433.599,21495.807,21577.727,21692.415,21757.951,21790.719,21790.719,1105.920,21790.719,9382.169,9917.636,0.000,49004,1200.127,1438.719,21495.807,21594.111,21725.183,21823.487,22102.015,29212.671,1059.840,29212.671,9386.291,9923.222,0.000
530.047,1701272878.564,1067,1201.151,1429.503,21495.807,21594.111,21692.415,21790.719,21790.719,21790.719,1116.160,21790.719,9380.442,9922.590,0.000,50071,1200.127,1438.719,21495.807,21594.111,21708.799,21823.487,22020.095,29212.671,1059.840,29212.671,9386.166,9923.209,0.000
